-1895
-1787
-3481
-4876
1476
-1636
230
-1739
8258
656
-2035
-4043
-917
2248
1657
9433
7451
4400
759
-7382
-6623
-6072
-3620
-1033
3972
-1172
-2600
1657
-4794
4305
2178
4278
4333
-477
2048
3800
1619
-3841
-6595
-1657
-1683
-1306
-4971
69
-2521
5286
910
-1549
3625
-2014
767
2585
8282
3125
3109
2988
-3955
-9384
-7673
-5188
343
-1001
763
2879
5518
-4690
4462
4124
2084
-419
919
5479
1012
-993
-2716
-7086
-3798
-3825
252
2019
23
-3057
5144
3172
-5380
-835
1924
3078
-1265
4696
4270
3873
823
-4084
-3952
-2323
-6920
1598
-487
-844
-2801
4957
-648
2492
-1279
3236
-598
-943
2928
2745
3924
845
-7713
-1533
-3321
-3217
-2233
1398
1607
2145
-567
-3821
-698
-1791
2181
1492
9243
5612
4710
2964
-3379
-7516
-5196
-4681
3379
-3886
-3180
-3531
4543
-1351
1939
3147
6319
1694
-420
2980
1489
-566
-477
-3192
-1852
-6748
-4189
-1098
-957
-158
3849
6390
-3298
854
-298
1009
1199
1690
6589
8378
1285
-7230
-6384
-4945
-4681
610
-364
3324
-2332
3055
1700
479
2052
1000
3002
4373
-1062
-1173
662
-952
-6031
-722
-1877
-1454
-823
-618
-788
2185
2196
-3997
2310
927
-4232
1470
2554
3670
5029
5049
-625
-4883
-6358
-2432
-612
-2633
-3276
-284
6396
-135
-5531
5306
1944
-152
2264
5794
3586
1820
-279
-5274
-2563
-4530
-4903
2224
601
-4670
-58
3765
-4375
-870
1598
2878
2879
2316
6109
3393
3623
-4080
-4518
-2223
-3270
-6705
659
-3213
-2693
3116
5030
-1688
6342
1148
2848
-679
2198
214
3068
2705
-7677
-7380
-3035
-4306
626
-261
-608
4579
5468
-3246
-1656
1297
-1734
1732
3256
8015
-202
1549
-1793
-5701
-3725
-1169
-1995
4419
-2821
-1844
1637
5248
-6798
6520
5623
3622
-3678
770
2254
3923
34
-3285
-1987
-1747
-7153
822
25
-4624
-796
7243
1377
-6189
-2505
-1442
1311
3028
5252
6144
5087
-834
-6986
-3546
-1906
-6336
2526
1336
-2002
-2727
3875
-5165
4504
2943
5281
3693
2097
-2223
6270
1981
-6045
-8296
-137
-3729
-2545
-3604
-2239
-442
5865
133
-2742
2882
227
-1313
4954
5805
815
2905
2253
-6163
-5705
-4719
-4573
2283
-938
-2325
3020
7076
-4552
3604
5226
2675
-708
3592
2260
2752
1025
-3580
-7990
-1304
-6686
-1991
3505
-912
-2326
6391
2795
-7202
-2426
3219
2259
1309
1876
3087
3456
3798
-9525
-1146
523
-3638
-483
1403
-3890
-262
3386
64
1243
3767
-583
-212
2924
2094
1034
4930
2834
-7930
-2672
-4788
-4920
-2397
-372
1506
4224
-346
-6442
-484
2996
-1635
4761
6397
5842
888
4867
-5715
-7377
-5533
-1439
1424
-234
-7324
-125
5612
1648
-3492
8808
5549
1740
534
3089
2561
-28
-553
-1373
-2462
-7140
-7452
-804
-1305
-1329
3899
6781
-4098
-2691
2469
-201
1635
-97
5720
7451
1376
-8516
-5265
-4709
-3307
-3741
4432
-1065
-489
2459
5271
-4074
4372
418
5825
3536
-1160
425
3564
-838
-3218
-2467
-1467
-4276
-1248
-3527
-1189
2178
2481
-4659
-425
1935
-4099
1476
2573
4316
3258
5703
-763
-4150
-4134
-4443
-1935
1374
-6448
1205
7130
3254
-7377
5319
2921
4380
934
1744
6589
4241
-904
-4033
-2894
-2348
-9743
1366
-892
-5436
-1031
5134
-2125
-3594
1272
1554
5762
3360
2137
4585
3664
-3015
-8003
680
-4842
-8587
1466
-4426
817
2226
5856
1417
5408
1989
3094
3112
-1104
325
5543
5506
-5710
-10060
-81
-6340
-1815
-2491
-2206
4442
4874
-2967
-4090
1359
-2232
1428
7671
2702
2356
721
245
-5563
-4093
-3220
-2635
1912
-5226
-905
2846
3802
-3451
3200
8426
16
-593
632
2864
5127
2319
-689
-2164
-1213
-7588
-104
-509
-6144
-1175
5704
1935
-7701
-4081
768
2738
5541
-140
7832
6183
448
-6775
-2158
-5645
-5676
-952
-1809
-1347
-355
3307
382
925
7072
1491
6458
2745
-284
5032
4098
-2806
-6986
-1142
-4004
-2489
-3411
-6315
2090
3284
-1174
-4186
2368
1852
-1206
6626
551
4440
2279
3735
-3565
-6331
-7503
-5259
1696
-2774
-5674
4785
8162
1210
-2880
8743
1310
2491
1299
1808
5717
1322
-2779
-3636
-375
-6362
-4638
5683
-3455
-1358
2811
1418
-6697
-5378
2726
2326
4318
-3252
4492
5841
3887
-6552
-4859
980
-4579
-4664
1181
-7433
-749
3837
4608
-1497
5308
-1737
5619
3788
-1383
4263
8102
2207
-3779
-3719
-2975
-7611
-972
-2133
3035
208
-208
-6006
-4689
2634
-2069
6431
4864
3563
2755
5373
-2635
-8409
-4234
-2437
-1007
-1869
-9849
52
4705
4842
-3031
7887
5750
4546
2648
-581
3685
2825
1575
-587
-5413
-4756
-8842
-438
-2580
928
538
5279
-1723
-7754
553
11
3610
1936
2315
7907
3725
-4107
-7444
-992
-4218
-4541
843
-3854
1862
-1226
4569
788
1799
1314
4750
5840
-1861
479
3372
5400
119
-8255
-71
-2444
58
-4667
-592
3147
1944
-3545
-4325
-307
-3330
1838
5467
1977
4864
3871
3770
-3886
-3649
-5512
-3251
-1328
-9022
-239
4895
659
-1545
52
6250
2971
3637
863
9275
4203
2465
789
-5627
-4557
-6635
310
-211
-5909
-518
3810
11
-6383
-1586
-104
4300
5492
-1200
6027
2604
1110
-4663
-1641
-6589
-5646
-3297
-4776
-884
-70
3305
5889
-711
4963
1764
5538
-1340
2817
5750
7223
-2083
-8169
-3019
-4413
-2029
-1702
-3002
5754
1583
593
-5694
-2414
-3500
-64
6012
1167
4278
1167
3221
-1397
-5462
-5312
-447
-46
-5719
-1767
-169
1401
3951
-3812
9056
-465
3574
-1061
5011
6242
4422
739
244
-2872
-6572
-3469
615
-5631
2166
-926
4678
-4564
-6877
-2259
3237
3709
-1502
7996
7894
3125
-1058
-7024
-3747
-4798
-3165
-4891
-2478
-1097
-1811
5401
-734
3652
-923
9430
3580
1249
6356
5013
1810
-3657
-5768
-1047
-4694
-2760
-5287
6163
-817
-1132
-873
1645
-1426
-809
2980
-984
3884
4310
2663
4818
-8906
-6382
-5111
838
-5832
-5371
2347
5107
2442
-647
3292
-2390
4508
2267
2115
6527
1369
3077
999
-6409
-5227
-3488
3507
-4492
3057
-483
-202
-3349
-4593
-110
1799
2386
-3739
2550
7447
1858
2271
-5877
1162
-5882
-1555
-5080
-6058
-794
373
4133
2584
648
-1560
2777
5746
-1136
7102
5618
9009
1886
-7024
-4329
-4718
-189
-4852
4582
1203
-3991
-568
-5195
680
-1384
4431
3947
2534
3688
1250
3407
-5749
-4916
-5353
887
-4964
-10186
-63
1079
3126
2800
-488
8131
2150
1115
-2271
8091
1757
4445
3878
-4208
-7179
-6404
-153
-1479
-110
1805
724
4354
-6676
-2647
-510
4089
-627
866
7231
328
645
-1866
-3119
-4121
-3507
-2906
-2248
2363
-4153
849
5898
-2060
1363
2249
5612
-4120
4709
3822
6337
4141
-4279
-3616
498
-1156
-3613
-1087
3030
-5820
2497
-3558
-1627
-5698
4034
2289
1327
3824
1238
5449
4189
-7480
-4385
-3391
-4239
-9131
2941
-547
-1380
2531
293
4420
-476
3794
-1597
9252
6086
1356
4641
-1983
-7360
-3596
-1583
-417
-3323
2979
-5390
3990
-3160
-2236
-1024
6343
2769
-356
5027
1366
-675
4247
-5070
-3843
-6530
-3475
-6830
2165
-3227
-770
9282
2035
825
-362
2770
-845
1098
5942
3976
5514
-3182
-6603
-966
-895
-3534
-800
11334
-3207
-1983
-1392
-1185
-3154
308
1460
2647
3614
-108
-910
6702
-7650
-4540
-2025
627
-8896
-314
-1811
-2743
3914
2215
2085
1919
560
-802
4474
7451
-1693
7029
6893
-4764
-6506
-2342
-2173
-3593
3753
-3237
130
-940
-5757
-1553
3223
930
-2826
9561
7921
-1282
4182
-4995
-5822
-5120
-2392
-7662
-326
-1050
-5640
5832
4952
-1051
1192
7393
2244
-1309
8466
-1604
4201
2768
-4835
-3894
-2027
-4793
-2245
6984
-1878
-5296
3973
1840
-299
-510
2946
-3501
5222
5135
-1429
7091
-2264
-9092
-5813
904
-9117
-4800
4366
-1249
2973
4359
-863
-254
1520
1259
-1456
8768
-1280
2055
6152
-3136
-7378
-1758
2350
-979
3856
-643
-6953
3482
-2775
-2465
2521
4928
-5788
2335
8654
176
1845
2766
-1476
-5526
-4445
-8332
-5417
2967
-7049
1815
8298
-23
-1925
2251
3936
-1679
5180
5628
6487
3888
-3444
-7578
-2423
-2008
-4588
5336
3278
-11059
2422
1501
-1682
-2460
5864
2769
2867
3003
-532
3547
3566
-7500
-7559
-1374
-7763
-9465
3215
-3478
132
4857
3920
5611
2599
1250
-2528
6122
2958
893
5872
-145
-9094
-4269
1254
-4196
895
4939
-5251
4288
-636
-1631
-1590
3992
-1217
225
6672
-554
1050
7610
-4175
-6978
-5747
-4979
-4432
4124
-5694
-2739
5519
2303
-868
1566
5931
-2732
995
6808
-597
6410
-684
-6689
779
1480
-5703
-840
4988
-7528
-989
1775
-260
-1588
4028
2134
-522
5012
1320
3719
11652
-3865
-7645
-5032
-5658
-10907
25
-219
-3511
1986
4251
1170
3333
4053
-762
5910
9209
-2750
3649
3161
-7880
-7045
347
-2031
-1405
2711
-5254
-634
1181
-2617
2079
8762
2719
-4327
4025
2097
-1571
4483
476
-4762
-6126
-5352
-9135
-1672
-1134
-5521
7918
7475
-1314
1763
5854
-237
-1749
4955
2619
5174
-99
-5383
-5640
-732
-5027
-358
9148
-2367
-6665
1711
-2201
-530
2514
4715
-594
3109
1477
1569
5574
182
-4670
304
-1344
-10054
-5822
-195
-8108
2110
4274
77
3130
4311
946
255
4185
-1115
5956
8002
-4070
-7104
-3037
-2996
-2596
2338
-2134
-3803
2570
-2861
166
5242
5556
-2964
4775
6929
1877
3646
1357
-7561
-1220
-5519
-9658
-4891
754
-9691
3031
4933
-956
2322
10591
5684
-550
1893
1577
2283
5108
-6316
-4918
1125
-5205
-3541
4543
586
-8988
2899
4784
1608
2265
4089
-1954
1522
1095
-818
7207
5514
-10484
-2214
-659
-10029
-8322
4225
-3763
129
2454
-201
1337
6862
1987
767
4107
2166
-822
5968
-2161
-9173
-1523
1557
-3475
1264
-800
-8386
-279
-31
-3621
6958
6443
-2539
451
6349
589
2371
9148
-339
-3721
-3675
-8915
-8244
1243
-8184
-4694
5313
2305
-1546
7464
5056
859
774
6966
3329
5748
-2664
-7509
-3068
-2047
-6911
1585
4131
-7770
-2647
3470
-2412
2363
7165
5579
302
3633
-479
2070
7293
-3293
-7070
-223
-7896
-7297
-574
-2400
-6427
875
4615
5363
6411
3789
-343
900
3900
-1792
4407
2619
-7697
-4080
-2744
-4792
460
1118
-1491
-1080
3164
-3878
1493
6423
2951
-4079
5505
2612
1285
6394
2965
-5918
-3905
-9811
-603
512
-4107
-8541
1024
2389
-1492
2337
9187
2352
-250
3561
2753
4652
1625
-5340
483
-654
-8894
-1116
2290
-4366
-8603
2955
2022
288
3920
6237
-673
1606
81
7431
9844
2946
-7967
-2661
-10078
-8533
-3674
2762
-6341
-600
2356
1062
1525
6070
3436
6604
3437
886
1253
4761
-5897
-8979
-3995
-1676
-3399
695
-2619
-7915
1945
555
2182
8255
6141
-432
209
-16
4249
5507
6267
-3575
-3391
-8723
-7213
-4619
611
-4629
1977
5984
-775
-1869
5918
4053
-162
-923
5917
2508
4932
-2373
-6970
-4563
-4570
-1413
4871
927
-8667
-2281
2172
905
464
2968
5980
1123
-1463
4649
6626
7306
-4944
-1895
-3660
-8104
-6470
-3576
-2748
-2933
1289
2207
1169
3309
6420
2813
13
3376
3481
9962
2759
-8435
-6943
-5264
-1219
-1577
-5611
-837
-2144
-371
553
3258
2810
3173
1421
4663
5223
4095
7277
-1029
-5172
-9193
-9692
-788
-4683
-3943
-2284
3671
1552
-102
3841
9971
3100
-3154
799
4172
3637
-333
-5863
-3407
-7799
-2346
1294
-4434
-5030
-969
5342
2531
1505
1670
4244
1526
-3699
2228
9996
9691
334
-5096
-6210
-9613
-3655
-3752
1258
-2881
1870
1527
486
369
4493
3271
2666
-450
5816
5436
3167
-6668
-2461
-4765
-354
174
-5216
-5337
-3699
1430
-2691
2811
3611
4542
1185
-2908
2446
8175
9614
7877
-2797
-6962
-12430
-3352
-5010
-5258
-6534
4680
4987
349
161
5996
4033
103
-891
9163
6587
2893
-7556
-3300
-7891
-6102
-118
-3135
-2269
-3878
732
2252
-822
2685
8116
5632
-4876
-258
7001
10574
3577
-6628
-2097
-8946
-5252
-4625
-3839
-3141
-989
3694
7673
3681
2811
2455
1362
-4842
2779
4846
8509
-2970
-4202
-7674
-5449
-327
-5981
-1541
794
403
10
-415
973
2858
2023
-2704
834
8427
10223
7510
-2790
-4032
-9016
-1645
-1071
-7084
-4553
-876
1232
-423
2166
6094
5899
2168
-6581
2549
7464
5297
-303
45
-4426
-7951
-2407
-5759
-3845
-5680
83
3174
2040
3074
237
4173
-1885
-2671
8624
14038
9000
-1840
-5420
-9713
-8333
-3889
-7168
-420
421
2754
-903
3379
4031
6601
6657
-3206
-464
4625
5528
1322
-7476
-5431
-4946
1116
-3937
-5425
-5001
708
2280
880
6140
3474
2109
-3998
-5543
5350
8258
9283
3431
-1952
-8206
-11345
-887
-8366
-1314
1931
5932
923
-172
1560
8092
2117
-5532
144
6761
6107
4424
-7217
-2594
-8305
-289
889
-4032
-5351
-2750
291
2201
-2205
533
7184
-251
-5761
3644
9463
11131
4491
-2039
-3555
-9340
-1879
-10784
-2665
-2241
1719
1425
3494
2199
8788
3890
-2483
-4064
5368
7008
7569
-5975
-4511
-11219
-1335
-5355
-8182
-1409
-152
806
2513
-624
1071
5215
1855
-4293
4843
9143
8692
4367
-2189
-7355
-12153
1124
-6345
-2185
-3947
1454
2641
2514
2788
8639
8136
-401
-8290
4291
3463
3847
-3083
-613
-7538
-196
-3859
-6687
-1977
-208
3760
4422
-106
711
-245
4713
-9402
-2470
10778
13411
6958
-2756
-7133
-9804
-762
-6505
-1589
790
487
-84
311
3067
3046
5409
4706
-2938
4541
2006
3945
-1962
-2674
-7031
-907
-361
-8691
-6504
-1326
227
-361
68
4400
2541
5267
-7722
-2588
7192
12002
11322
955
-6184
-11504
-4037
-4011
-9007
-1819
3258
5530
1111
1780
1982
8566
2243
-3300
5639
6218
2486
-2890
-6406
-7076
-7703
561
-5484
-2708
-215
320
114
-334
2823
4004
8499
-5797
-3398
2806
9359
7448
-817
-4486
-7695
-3448
-1536
-11311
531
355
5174
2705
5718
953
7648
1223
-4161
230
5394
5236
4290
-5664
-7089
-10392
2516
-6333
-4125
712
3628
536
-3142
-615
22
6448
-3861
-3597
8881
8969
6859
1428
-3182
-8422
-3121
2294
-10308
-1164
-3316
4273
-1912
2204
3344
11772
6463
-4642
-4355
9258
3933
4215
-4268
-1147
-12691
-535
-8384
-5198
-4070
613
3273
2862
580
-1918
4756
1367
-6995
7110
12097
9040
2200
-5586
-9669
-9123
-48
-9133
930
1090
5388
-2139
2106
3097
9370
9082
1287
-6102
5651
2678
4828
-10007
-4472
-10676
3297
-4610
-7806
-4577
1875
2333
1275
3329
2684
3393
-463
-9484
2249
7274
10614
4365
-162
-6541
-11305
-2037
-7238
-1618
2424
5670
977
-741
1419
5480
5623
-129
-3133
6823
6023
7894
-9147
-2659
-11059
-459
-970
-5121
-4365
-1602
1182
-202
-1753
1159
5277
6294
-7650
1219
4833
12852
6708
-3361
-4029
-8308
-2495
-9091
-6998
-276
1671
3746
-1184
8373
6811
6281
769
-3340
5822
6306
9923
-2870
-5169
-12400
-6077
-5433
-10456
-1597
1586
5038
-246
-4091
2993
3186
5736
-4875
2488
7310
7717
7406
-4829
-8630
-9169
-1028
-503
-6692
-992
-1017
7125
-2887
7504
6428
10483
1929
-7433
909
3878
3741
2535
-3227
-5762
-6785
-4738
-10645
-2934
-309
7702
4121
-3395
528
682
4678
-8198
-4538
10780
12358
10391
-3997
-8763
-9085
-4074
-963
-5259
2000
-1063
5247
-4631
3244
2138
10718
6940
-1326
2042
4699
1795
3908
-4489
-2197
-8660
-1396
-10795
-7648
-4002
1742
2524
-849
3902
3770
6272
-6051
-5763
7267
10342
15474
-667
-5918
-12219
-9343
-2903
-10839
-914
1521
9233
302
1162
589
9731
7384
-1209
1408
7400
3197
3728
-10500
-3168
-11619
-1099
-6686
-4044
-1881
-382
2094
-282
2486
5016
6631
-783
-7278
3759
4549
11950
-10
-4077
-5056
-8456
-2320
-10776
-1216
-459
6068
5541
3744
3327
6123
5510
-2392
-3100
6489
5945
11660
-5719
-5609
-10912
-2407
-6033
-5746
-1208
-555
4715
-3265
-2954
592
2904
2131
-4060
6401
7063
8567
4194
-5664
-6350
-4797
-1643
-9204
-3124
-2736
537
2156
568
7877
10075
9253
-1556
-4613
6434
3919
9738
-2
-4799
-10528
-5414
-8300
-9745
-4155
-3228
7828
3110
-469
131
1263
3358
-4962
5651
9622
8383
7099
-6001
-11026
-10930
-2295
-7888
-1638
1643
303
1920
368
6052
8324
11734
2171
-4685
4640
935
5715
-2003
-6483
-5858
-3310
-1777
-10654
-4964
-4260
5530
2137
2748
2436
3166
2132
-9275
-732
8945
6990
12303
-679
-5472
-12888
-4875
-6126
-6018
3077
584
4574
-529
3210
3990
6860
2806
-1509
7289
6270
5882
-332
-7063
-4358
-7547
903
-6856
-4294
-5834
102
-1563
-787
1315
6392
8325
-5229
-4847
7921
5847
12060
-1228
-4370
-8024
-6642
-7440
-9670
-4230
-2097
7335
2960
5968
7662
7138
4448
-2989
4300
9162
6977
3320
-7190
-6249
-11511
-5392
-10117
-564
-539
1437
-758
-2048
-35
4506
6338
-971
-3193
8288
4083
9486
-4217
-8612
-6749
-2402
-2909
-6551
-3961
-5947
5672
2337
5536
9054
9617
6890
-4903
-1530
4092
4272
7956
-2720
-3005
-8758
-4490
-12702
-4305
882
2044
3953
-1055
-1886
1784
2341
-3757
-3952
10816
9289
13648
-2034
-10678
-6069
-5418
-1371
-6935
-810
-3897
-799
-859
716
5226
9598
12630
-539
591
5005
1915
7130
-1740
-2300
-5077
-3383
-9819
-9964
-3563
-3726
4228
1002
1757
4117
3141
-2982
-5522
6619
8951
14094
3967
-9376
-7515
-10307
-3681
-10975
-3559
1936
3313
1033
625
3987
8112
11016
802
1997
7950
2765
4987
-4224
-9643
-6459
-2555
-3437
-7842
-2481
-4991
5156
-2879
1442
6035
4287
-24
-5439
1069
5752
6629
5375
-3995
-3386
-7288
-2109
-11776
-4767
-1869
2060
5634
2039
4727
6820
7282
-1959
-2860
7985
8390
9569
-711
-9712
-6343
-6503
-1772
-6784
-103
-6020
6435
-3387
-3329
-1493
3340
4200
-1332
2087
10383
4516
6901
-5754
-3915
-4128
462
-10084
-5946
-4724
-5978
3118
1117
6357
11748
9920
808
-4951
5714
7225
9379
3337
-7340
-5362
-9080
-4571
-11989
-3725
-3560
6669
2890
1682
-2737
2233
2771
-3660
1927
12541
4510
9877
-7169
-11172
-9379
-1314
-5014
-4572
-1791
-3980
-228
1467
2979
8953
12583
6851
-4723
3141
4074
4571
1939
-5910
-1709
-2863
-587
-11326
-5945
-2756
1671
2352
6544
-526
1553
1802
-8362
-6723
9634
7867
14358
-1834
-8121
-9779
-3380
-4727
-5994
-1238
-671
-304
155
2253
1541
5711
9556
-553
5571
7731
5006
2206
-4719
-6510
-4739
3662
-8170
-7801
-2860
-3674
-2019
222
3083
5401
6592
-3680
-6874
5094
8040
12124
2010
-4167
-8772
-4180
-2246
-12536
-7557
-2250
3211
4311
4435
5644
3801
8521
-2183
3060
9709
7741
3608
-2335
-10013
-11210
-1499
-4580
-5597
2172
-1571
756
-2363
1122
3121
6843
1886
-4752
2396
7025
5800
-1556
-6852
-6510
-1863
3359
-9027
-8686
-5338
-1164
3618
6711
6352
5921
8946
-4134
-4670
4778
7516
7955
4131
-5670
-9134
-4357
-3400
-8152
-567
773
4349
-1920
1017
-3434
2923
945
-3644
4922
12945
5778
1662
-7415
-7586
-6480
5666
-5222
-7028
-5602
-3371
-4117
2966
4399
6615
14303
1010
-4154
4469
5591
5489
4455
-2740
-6712
-4140
-1987
-11393
-6611
-4833
3652
1246
8499
-1868
460
3461
-3567
-1471
12100
8966
4950
-5566
-7731
-12235
799
-7249
-5275
-583
606
-2396
2721
4414
2832
11721
7343
-3985
4236
7720
3599
-2475
-5927
-7618
-2026
4910
-7607
-5669
-4514
559
-2179
7969
2445
335
4131
-1024
-6230
5813
5209
6200
-1269
-1964
-11146
626
-5665
-7829
-4566
1616
514
3481
5251
2646
3791
4694
-4551
2885
12485
8119
43
-4769
-9212
-6506
5013
-3107
-6198
-2364
1567
-5752
1249
128
37
6323
4399
-2254
6041
5092
5224
-3649
-2862
-7921
1599
-2378
-9192
-11415
-3828
-2526
1980
10230
6505
6136
5561
-4431
-352
8148
10679
4120
-1879
-8065
-9917
-1295
-5134
-7569
-964
6525
-675
1188
1996
-3014
4915
2061
-169
7525
8041
5264
-6226
-8708
-12639
-217
5011
-3752
-9603
-3904
-2013
-1413
6667
7485
7921
9911
-3094
-2418
2661
4990
1823
393
-1955
-7623
853
-2810
-9607
-4020
2417
3410
1974
4838
-2881
2964
-3391
-6887
3754
14738
9950
-2417
-6412
-12181
-6450
4390
-3035
-6196
-3255
-147
-1801
1669
2513
2403
11328
5042
-1095
6312
6995
392
-1079
-3616
-7435
2855
355
-8665
-6697
-5539
-1698
-1100
8958
1622
4987
2258
-4333
-4406
14010
11034
2668
-5298
-8736
-8911
1670
-8893
-8855
-5077
4352
1114
4084
4901
592
7445
4032
-1881
6527
10913
1795
-2806
-7137
-13091
-1650
3954
-1955
-3009
-2730
1464
-5404
7645
1258
4134
5846
-962
-4887
8569
4532
1075
-6742
-4465
-7495
4621
-5502
-8013
-9899
1547
272
5851
9778
1922
6381
1871
-8258
1583
9749
10633
704
-4871
-10991
-5643
1911
-4285
-3906
806
2769
-5191
3924
-1886
-3157
4496
2863
1056
10766
5529
5357
-7744
-5188
-10415
6539
-856
-6997
-9988
-1130
-6891
19
9777
8439
8476
6347
-6995
627
6180
7359
3199
-1256
-8982
-6871
1826
-7200
-9943
-2861
4357
1949
5003
3286
-2218
3791
877
-2136
10937
10324
4460
-5191
-4803
-16882
-1985
1002
-5238
-5676
-512
-3068
-1586
4768
5909
6946
11057
-4715
-1715
7695
4481
-4047
-4176
-8042
-3914
6274
-2144
-8965
-3153
228
177
2988
9883
-1908
4484
1549
-8180
1935
10722
5962
129
-148
-12420
-4097
1226
-9059
-8429
815
1435
-1507
4410
5317
-263
7800
-2660
1420
11645
9536
-822
-4289
-8050
-10354
4729
4216
-7265
-4592
-638
-2246
-6322
7252
-1118
9143
7848
-5990
120
12527
3949
-2472
-1282
-3966
-6272
3838
-10502
-12958
-7523
306
1040
7657
8616
1897
7427
-1363
-5108
8270
12257
5307
-5940
-6009
-11955
-5650
2256
-7181
15
3672
326
-5918
8053
-2692
2571
9252
200
-779
12409
4574
-2876
-10916
-6216
-4105
10775
-5111
-9829
-8238
-850
-2236
3010
12169
6387
6121
3039
-8150
135
6854
5233
-229
-894
-10284
-4441
3199
-9618
-5377
2675
5012
-2786
5376
665
-1219
2361
-2348
-341
16800
9161
2166
-9593
-7072
-9731
7003
-1566
-5723
-9465
-1385
-4183
-3484
5960
4640
6595
12550
-6547
1165
8576
3494
-3025
-2026
-8221
-1743
3725
-7800
-7858
-4551
16
-2461
6700
8220
165
4147
-561
-4054
10367
10184
7213
-5554
-6054
-12933
1487
-1423
-10707
-8563
4934
-62
-3533
7267
5454
3393
10195
-4624
4646
9237
5011
-3868
-8394
-10717
-8022
7642
1086
-6972
-3467
440
-3851
-123
8228
3297
8082
1751
-5436
6084
6081
1963
-4541
544
-6437
-2985
4271
-9680
-11764
-1307
647
-627
7358
6443
2168
4951
-7857
-1589
10993
12808
1174
-8188
-7720
-9474
938
1904
-4502
-590
357
-2196
-4330
3493
-1321
6105
8750
297
4302
10813
3998
-6894
-4013
-4291
-2268
6847
-8996
-9142
-6828
-3919
-6070
4790
13526
7797
4976
-2877
-3674
7207
9155
5253
-4929
-5621
-10058
-1074
-3124
-9007
-5106
1561
4333
-4519
4492
851
1566
7792
-2412
4386
14908
5780
-4636
-8393
-8140
-7256
5754
-4183
-994
-5616
-2082
-4206
-1064
8352
8509
7979
3769
-6754
5989
5460
1544
-9002
-3778
-4651
1745
1560
-8835
-4861
-1171
1134
-3270
7846
4299
1073
5534
-5640
-1321
11011
9244
6371
-7173
-7234
-6449
3335
-5869
-6289
-1483
2813
-3561
-4634
5823
2005
3015
6859
-2149
8975
7529
3691
-7765
-7218
-8715
-911
7176
-5429
-7698
-1421
-4394
-7821
1127
7319
6940
10001
-2500
-413
9025
7208
4622
-4318
-3109
-6323
1183
-2847
-14427
-8531
1564
2861
-1410
6886
3373
3394
5599
-5688
5175
12704
7618
-4779
-8604
-10550
-8357
2661
-1898
-1520
1383
67
-5997
-2820
4652
2840
9544
4567
-1224
8219
6528
-322
-9531
-5320
-3508
5006
4147
-12637
-8606
-3021
2024
-4664
8547
8471
4025
3957
-5817
-3670
8939
6570
4105
-5149
-7322
-9500
1989
-3565
-5642
-503
3115
-575
-6427
2187
-663
3714
4235
298
11494
13747
3130
-7471
-7363
-4317
-1447
7285
-6770
-6291
-5514
-1425
-7484
3094
5497
8084
9734
-998
-5082
9199
5677
3512
-9034
-3522
-6068
1442
-2318
-8325
-6241
-485
-631
-545
5193
1197
3750
6302
-3353
4587
13539
9023
-2193
-8372
-6615
-6586
2860
-8295
-4120
491
1408
-5401
2177
4653
5177
5675
3818
-3033
8866
5914
2630
-14388
-7666
-8835
4660
6285
-6202
-7408
367
-4037
-4558
4128
4239
5583
8673
-4045
-1496
7625
5808
3405
-2861
-3365
-4934
3626
-7001
-7455
-3165
3924
-1248
-220
6596
2717
-1057
3349
-6362
7637
13252
6904
-11184
-8472
-11378
407
5169
-3371
-3164
10
-2798
-7723
-3398
3328
2498
14261
4125
-183
6026
7536
2797
-6425
-4451
-2638
4362
-2579
-11688
-7966
-1351
-1830
-3146
12282
8357
1931
5568
-6751
2018
9470
8292
-1931
-7654
-10649
-5286
264
-4583
-6271
844
3906
-2318
-6536
2405
939
8835
3956
2207
8756
8852
2367
-8597
-8940
-5348
1411
8094
-5906
-7061
-2022
281
-6486
6076
7723
8094
8372
-5149
-3224
2501
3257
183
-6689
-3825
-3617
1159
-2213
-6937
-2853
1633
-246
-1963
2839
-670
4507
857
-488
4445
12471
9160
-4833
-8944
-4541
-4218
6012
-6135
-3110
-1658
1913
-7341
2324
202
5653
10184
4695
-623
4352
2625
2392
-10482
-5926
-5266
3871
1749
-5870
-7200
-4592
-3561
-5314
5680
4131
6984
5292
-1089
45
9288
7266
-192
-3866
-3022
-6715
3139
-10906
-4217
-4055
6044
325
3679
628
3089
5861
5810
-1513
6852
5619
3623
-13684
-9484
-11136
-297
5418
1336
-2218
-2679
-3836
-7389
2815
3855
4813
12688
2359
-2485
4203
2282
1059
-6061
-338
-185
5407
-8659
-4699
-6053
2676
-1388
3859
6397
3622
-1350
4907
-4858
2441
5153
9267
-7872
-7015
-11800
-2825
3165
-625
-2969
1106
-891
-6936
-3387
115
804
8283
5947
3917
5516
3545
2718
-7093
-3581
-3423
5115
-1127
-3086
-7734
-1027
-5161
-1621
7215
8533
4637
7687
-1608
2728
2638
5495
-5393
-5109
-7142
-3690
548
-4377
-6004
-2495
1335
698
-1038
1584
1451
6475
2355
3758
3986
7508
5013
-7152
-8279
-8346
-1969
874
-180
-916
1177
-2297
-3847
4160
6353
4062
8932
2024
4002
1160
-501
-7254
-8301
-7890
-506
3928
-1181
-5133
-4333
-1653
-1068
-2816
4173
3039
6484
407
-267
517
5332
6882
619
-3573
-5657
-4154
1339
-2273
-1315
321
2984
-2129
2643
1325
427
6536
1507
4962
8606
2570
-3898
-9871
-9881
-5391
1445
1807
66
-3696
-3729
-4844
-7375
2190
4172
8957
8876
2322
-582
4641
2041
390
-3277
-1612
-3724
1823
-7389
-5388
-4796
1561
16
7564
4863
2407
4129
2407
654
5558
6031
2569
-8562
-10840
-10859
-5595
914
883
412
1771
-1679
-7108
842
563
5265
7864
6923
143
4140
84
-4924
-7168
-2890
-2358
6103
-2335
-2149
-5215
1060
-2538
5146
7331
7318
3806
4177
-1207
-1648
1944
4750
-4977
-3862
-9370
-6102
374
-1136
-2577
451
1036
-3551
435
530
1244
1915
5713
3077
5933
5655
-98
-7224
-3071
-6230
2436
-1564
1143
-4084
1249
-4446
-2884
2788
6903
5112
9141
4096
341
205
2512
-5394
-4640
-7811
-3542
159
-1797
-6128
-6327
-892
-3965
1745
7230
4861
2205
4434
926
3550
3742
4896
-3195
-3085
-7360
-4026
-5499
667
-2000
5542
2098
-2136
3090
5751
2410
7136
5956
4430
2227
-107
-6284
-8695
-10695
-3998
1465
3389
-1575
-5887
42
-4973
-3604
6895
7746
4874
4004
-572
-1769
-500
677
-337
737
-3567
-3412
-4140
-395
-5359
1454
4437
-689
3481
4499
2083
1616
1727
2793
5394
4474
-3303
-6489
-6671
-7114
-4104
1126
897
-3082
691
-4520
-7571
983
3564
6413
8212
6712
-1161
2764
2400
-4323
-394
-3773
-1886
-958
-400
-5490
-3583
506
-2166
4437
9659
8181
3165
4378
2593
377
2909
-951
-5595
-2123
-8089
-6822
-3829
-3482
-5017
4629
1889
-5771
989
4297
4696
3130
7025
500
3782
3692
-5106
-6198
-6142
-6804
-905
3267
1446
-3836
2917
-2291
-244
7235
8849
4974
7189
3196
-2968
-586
-3258
-8790
-664
-1939
-2240
-3774
-1368
-6039
-1870
2123
-4492
2439
5692
4164
622
4213
-2685
2466
7182
2881
-4412
-4162
-4380
-5196
-1854
1531
-2772
4709
-1173
-4221
3686
4197
1826
7145
9867
2087
911
-1191
-6923
-5608
-7031
108
-882
1717
-6421
-6392
-866
-8566
-2701
8937
10955
3512
4588
375
-509
2079
58
135
-484
-5169
-4888
-6390
-1487
-7043
4587
6032
664
5157
5641
4392
2954
6970
2880
4036
2334
-6137
-7581
-11345
-5694
-2171
2549
816
-3488
-516
-7758
-3873
5179
7465
5749
7795
3700
-3219
115
-2957
-4849
-320
-2902
539
-2900
-2606
-4532
863
3939
-1864
6928
8384
6829
620
4108
38
83
2501
-386
-2147
-7512
-8232
-1823
1720
-2296
-5249
3275
-4072
-6635
2459
3143
3370
3758
6765
2659
5021
-2164
-4032
-1323
-5212
-4758
-1421
2860
-3627
-4232
2756
-5952
759
6668
11848
7317
6371
-284
1042
736
-4688
-4204
-1426
-5497
-3513
-2378
-2395
-10026
-529
-1872
-2623
6660
4719
4045
3880
4636
-892
3971
4251
-714
-4449
-7425
-6069
-6188
494
1113
-340
7618
-5846
1258
6094
6983
5328
9579
4256
413
-1900
-5679
-8517
-4527
-6494
2341
824
665
-7812
-1103
-2115
-6612
2650
8926
8945
2421
1578
-2892
-1340
1785
-534
1817
-3235
-7664
-4373
-1780
-1383
-4759
6059
-56
1905
2854
3442
4224
5940
4635
3296
4561
483
-8419
-3360
-7622
-1115
-1247
1798
-1992
-1238
-4519
-8632
-2816
4323
7561
9777
7510
-884
-2047
3735
-2210
-755
-3411
-4927
-98
-1703
-6500
-5824
1214
-1331
1311
10098
7862
4744
5749
6649
-148
231
1249
-2710
-2139
-11448
-5625
-2335
-2112
-4658
2029
4503
-7097
-4541
4813
3407
6361
5843
2476
814
3772
-5715
-2341
-5789
-8739
-1151
4990
433
-6769
-43
1668
-4770
6125
6515
9055
8244
4413
-3203
-1166
-2381
-4895
544
-3453
-4468
-2020
-547
-3770
-6031
4471
-3564
-1684
6928
-1104
2930
4699
-367
-312
8294
1760
-1112
-4880
-7391
-4633
23
21
-945
2
4769
-9996
2743
3299
6136
8281
12915
2075
-320
-891
-3056
-3914
-3800
-7022
2810
2635
-4891
-11451
979
-5144
-3272
8776
5924
5710
2920
1053
-1694
2052
1329
670
-467
-6557
-10100
-3682
-2965
-2642
-2089
10204
-2339
1875
2426
6217
5810
9174
1778
2419
3066
-3428
-10100
-4999
-11278
-448
3700
2992
-6010
-1229
-5844
-1667
5392
4176
6013
7588
2838
-3449
-3382
1952
-1913
-437
-2777
-4142
-1305
-2701
-2684
-3958
6526
-4317
5400
5968
3529
2376
7569
-276
-907
2968
4559
-3726
-3390
-12257
519
534
503
-4935
1736
-1976
-5805
1315
3704
1708
6110
5007
2902
-984
2694
-2727
-335
-6084
-7898
-390
3051
-1530
-8697
2667
-4493
-1352
8899
5965
8175
9716
949
-1544
570
529
-2702
931
-9055
-2569
-2637
-2569
-6284
-3602
2359
-1037
3669
7059
821
5332
3442
-709
-3485
7697
167
-2842
-9107
-11025
-4349
3148
409
-2005
3251
-2456
-3941
8500
3049
4776
9470
7647
-1018
-5200
-2064
-3674
-1645
-7387
-758
3612
675
-5634
-5156
2050
-3854
1140
10354
4846
3653
-61
-2369
-6481
3995
2402
4160
-2755
-11722
-5252
3601
-921
-3156
312
3769
-896
4825
-906
5037
5181
8533
2537
733
576
-2448
-2908
-5529
-7293
1588
3371
-185
-8248
-1728
-7175
-701
6096
3830
9927
6410
-1819
-5679
1094
-633
1834
-2127
-8434
-3050
-51
-3460
-3807
-4558
3379
-948
11715
3185
2600
5114
7486
-904
-1689
272
2001
-1992
-8006
-12808
87
-594
1808
-3677
2973
-4295
-643
8218
1246
5279
8600
2757
-1373
-1759
-4304
-1712
-2469
-9893
-3751
5252
2112
-2479
-6099
2651
-4126
7196
6174
3929
8173
5786
-5159
-2786
-1722
1277
209
728
-9982
-418
-89
1152
-5437
-189
-3553
3065
9343
-1259
-1550
6548
2275
-146
277
1752
-827
-3412
-9008
-8073
1558
2167
416
-2024
1191
-8714
2609
6172
2885
7042
11877
2838
-5099
-2519
469
-1843
-1162
-10765
2495
3863
-3009
-8964
-2197
-5132
554
11617
7647
1640
3271
3042
768
-3580
1425
963
-69
-7320
-13665
-2472
186
-119
-841
5599
-2355
1663
6714
1533
5430
8198
4578
-1266
-160
-3044
-5559
-2575
-12273
-1388
6246
3456
-3072
-4908
-3408
-1101
6842
8426
2639
6313
2627
-2907
-6019
-408
-2381
1049
-3184
-9578
-517
426
-373
-1561
1730
-1030
2171
10878
109
812
5818
2104
-1563
701
-149
-199
-1794
-11181
-4975
3645
1435
-1138
-3452
981
-4319
1348
8769
1317
6823
5462
2299
-157
100
-3875
-155
-5523
-12975
-1091
4216
822
-5604
-2961
-2663
-2031
12337
4876
3419
8849
3211
-3937
-287
-2621
-359
-486
-5300
-8093
-1621
-2610
-255
-4340
2036
-643
5772
10316
-613
4271
4606
-31
-2240
5231
-491
-4890
-8470
-14160
-5736
5344
4006
409
-118
-1562
-5331
10794
4803
2685
7300
8297
-2169
-6306
-4439
-2852
-2293
-1946
-6102
2360
-213
-500
-4712
123
-3335
4062
14715
3689
669
1269
-194
-4612
2929
4462
-465
-2912
-12636
-9208
2675
2389
306
-1009
2621
-3643
4085
4178
1109
3678
7463
5208
-2287
-832
-1587
-4696
-2565
-10811
1100
2398
2324
-5261
-4265
-6232
-771
13692
8501
4611
4871
2612
-3869
-2321
1746
134
-3365
-7047
-7980
-2358
-2689
183
-3473
2781
-951
6748
10367
909
1604
4914
2099
-1097
-310
1264
-2952
-6835
-13900
-2990
2823
4153
-329
-1508
-879
-2883
9159
9410
3432
3268
4172
1018
-3584
-4352
-2607
-2799
-6908
-7411
-168
1495
1337
-2979
139
-3016
4392
11714
4178
3537
1655
-2255
-4176
-407
288
-307
-1882
-9707
-4277
-182
2300
-763
-4018
1072
188
8321
6286
771
1319
3821
3241
1204
1853
-2018
-2003
-6883
-12464
-1371
937
1775
921
-2855
-6799
-1580
10853
6148
6404
6356
3857
-4141
-2399
290
-3053
-969
-7561
-4234
1448
-3475
-2912
-6866
-6
1151
10056
12220
3706
233
2627
28
-120
2977
-288
-1342
-4277
-16133
-7315
818
1596
2736
323
-11
-2313
8643
6170
4333
4356
4452
-1569
-2087
-2601
-5307
-5615
-5419
-5563
1956
1991
2137
-6246
-489
-2203
7510
13285
4658
1637
5334
-4548
-4833
868
1756
-1269
-2679
-8934
-3802
-1958
55
464
-2910
1144
-1558
10304
6769
269
-138
3651
-291
-243
369
1740
-4150
-6670
-8744
-2505
1885
1559
-3943
1365
-4930
211
11076
6528
2947
6271
349
1531
-1717
435
-1957
-4383
-9836
-1705
60
1495
-3804
-7397
-1052
-225
9181
11477
5055
2324
2386
-2175
-3324
1200
-275
-1025
-3377
-12638
-6156
-1734
-606
-678
1642
-126
4480
11150
7170
2376
2603
804
1900
85
2393
-4995
-7558
-11658
-5736
2668
4028
-74
-1752
-3260
-3092
5220
11900
4935
3494
4814
-1437
-8146
-1577
-2823
-1733
39
-8971
-3764
2827
-4549
-2285
-3211
498
3257
11801
10525
2540
-3002
-1448
-283
3226
5257
-744
-1629
-7394
-11375
-2429
5318
194
-1321
-645
-1902
-1917
8750
3531
4122
6428
1989
-3916
4248
-4228
-3940
-3433
-5456
-6073
2968
-524
-2839
-9626
-1525
691
11725
13915
6972
1478
2858
-4579
-297
3865
-304
-3291
-3889
-9479
-7372
-671
-342
-2678
2153
472
-1437
12851
6859
618
2476
1799
-3353
3352
-1719
-1525
-9003
-9158
-7924
1033
1066
1555
-8238
3975
-1339
5781
12335
8757
-11
6099
-2535
-1997
929
-2111
-5946
-492
-5935
-4052
952
2203
-2377
-2705
-1536
192
9365
9719
4616
-1210
-2272
-5244
1814
2807
1408
-6375
-2826
-8978
-2415
-2992
1852
-6467
3090
140
4778
8078
5782
-2541
6835
1126
1122
4166
2283
-6279
-5210
-7870
-2848
246
1541
436
-2257
-6280
-2257
5568
13014
6748
2023
2127
-2879
-2744
1138
-663
-4436
-2555
-7887
-3256
-3586
-5659
-7115
3497
2246
6098
11883
12020
-1546
1583
-1609
2066
4449
1849
-3862
-5229
-11028
-8484
-1506
4044
607
-272
1152
-26
1005
9429
3967
3484
2464
-1321
-1532
2038
-6084
-7116
-2804
-3784
-4263
-221
-416
-6631
-1213
175
2462
12770
12740
1360
2051
-3124
-3166
3175
4750
-192
-3281
-4989
-5227
-2491
-207
-2050
-1602
3079
1446
-670
10411
982
-2904
244
2806
-924
5999
-1013
-3400
-5393
-6943
-7801
1716
-1757
-3032
-3585
1241
-3167
6347
12707
7107
1483
1059
74
3727
2272
-3928
-5785
-1482
-6300
-2802
377
-2975
-6446
-1710
5237
4002
10768
7426
1405
-2382
-1947
-4280
7538
582
-2597
-4436
-5476
-12292
-3000
-4522
2441
-2512
3425
3466
6052
8963
5662
-579
3766
-309
4058
4612
-4643
-10419
-4755
-5322
256
1342
531
-748
-2325
-1225
1225
10892
9500
2219
-1844
-2075
-6423
1780
-1035
1673
-1419
-3957
-7170
-604
-7001
-3722
-6125
6277
1408
6188
9530
4710
-4395
-28
-2293
7467
7439
212
-4576
-2594
-8948
-2978
-408
2442
-95
-598
863
-2575
6177
7300
4306
3003
-1989
-4571
5192
150
-4126
-5638
-1989
-6161
-1445
-5204
-4352
-10183
2324
748
7563
15735
6015
395
3438
-4424
661
5765
3158
-3561
-2424
-8128
-6088
-3676
-2482
-1206
2593
5396
-1359
6413
10695
1665
-1059
-1817
-2752
2391
3257
-3168
-7473
-4353
-9605
708
1480
-4155
-7139
4291
3313
82
10278
9594
898
1813
-3284
-487
1430
1358
-5137
1076
-3330
-5523
599
-111
-3346
-2433
4161
2333
4389
10712
5377
-2273
-4300
-5427
-499
8001
1175
-5514
89
-8356
-5528
-2090
-5272
-4816
1136
4035
1364
6359
4917
1067
2633
2290
335
4918
5805
-4515
-5393
-4142
-4521
1894
-391
-1912
-4978
505
-643
1950
12536
8447
1351
-1098
-4830
-4872
2386
-653
-3180
1125
-8570
-6593
-3946
-8955
-6725
-261
10355
2497
8412
8464
2764
-1029
-3213
1178
7467
5971
-4473
-5435
-4345
-9340
-990
2836
3346
-2942
2226
4054
510
8992
4805
2548
3967
-4415
-5143
1550
-1743
-6003
418
-3048
-3547
-1210
-5876
-3864
-3727
5703
1239
8134
11733
1366
-946
-2401
-4490
2353
7705
2289
-4859
-1779
-6657
-1770
-1936
-3179
-2876
4121
4546
-2039
7952
4790
-3933
1321
299
-737
2226
1618
-4256
-2195
-6892
-7461
-38
-3141
-4558
-5318
3723
327
331
11962
8416
349
1015
-1244
1055
4848
-458
-5609
1433
-4285
-4134
-331
-4317
-5946
588
9894
3465
8993
8220
2084
-1256
-2787
-2738
2017
5280
-2905
-6176
-6323
-9378
-4540
-4613
-1023
-2688
5176
4680
330
8928
4279
-512
1270
2269
-1184
2539
570
-7032
-3420
-3153
-756
3039
-3441
-2056
-1174
6846
-589
5772
10686
4378
-3396
-5331
-2141
-1992
694
1809
-2774
-4606
-7657
-2376
-3269
-6582
-6674
4656
10989
311
6765
2658
119
-1681
-1015
5093
5632
2227
-2826
-2603
-4057
-6959
1488
-446
1425
-4584
4794
1379
2263
5645
7724
3570
-1556
-2879
2635
1873
-408
-7306
-2837
-4972
-1854
-4601
-8332
-7525
-32
8012
5157
10235
4688
435
1084
-2582
-210
3358
2204
424
-4438
-5479
-8988
1080
-4355
1643
-107
7037
3854
3989
6846
5675
-1702
-321
-1335
1352
1043
-178
-7543
-5039
-10374
-2221
1792
-8727
-5208
908
7706
2412
4403
5808
3569
133
-2161
-1123
1987
1283
-2022
-789
334
-5565
2470
-951
-1134
-4022
2221
6688
5181
5259
4308
-2890
-1219
-5210
743
4840
4716
-5013
-1789
-9191
-6304
-2286
-8297
-1257
900
4815
3744
1736
4474
556
2844
1947
3327
732
2970
-985
-6110
-5004
-4679
4168
12
-5960
-4692
446
4688
3158
9167
9371
-303
452
-3746
1426
-910
1482
1778
-798
-10577
-9010
-2994
-9135
-5908
9
9217
7345
1212
7039
2206
488
-3476
1625
7382
2046
-3045
-3725
-7095
-6125
-359
5827
-2334
-616
289
7919
2832
5061
4654
2617
3293
-4164
-956
148
-1923
-309
-409
-5956
-5432
-1974
-6987
-6382
-2477
2135
6842
4594
7310
603
268
-3599
-2777
3708
5468
284
736
-6118
-4979
-3529
4724
-7440
-366
2607
8035
524
3392
2583
1891
1088
-494
2545
4230
-1539
-124
-1344
-7499
-9761
173
-3528
-10777
-4317
434
5278
2568
7368
6431
3504
-506
-645
3771
4404
-2418
-1533
209
-4425
-9120
4167
-7130
-3300
-1083
7432
7175
6100
2290
4580
50
-2307
-2961
5433
2792
446
-5480
-4862
-9610
-3888
-2489
-8767
-1663
2988
5803
4137
4737
2905
-118
2854
659
1196
1041
-2414
-1704
-4460
-2886
-3916
5737
-4449
-2700
233
3595
3812
5806
7582
5758
-4397
-1949
-3753
3109
1015
3383
643
-2466
-7989
-3343
-2656
-11049
-6963
2337
8680
4824
163
2567
98
271
-36
5588
6173
-1474
59
-2164
-6109
-5829
1179
519
-3374
-2240
-25
4383
3044
5727
7593
1177
1219
-2919
4477
2499
-95
-974
-3339
-5964
-2551
-5033
-12394
-7814
-540
3733
9431
3646
5807
1166
1290
-1500
2233
4310
67
16
-716
-9000
-7349
158
-700
-5619
2222
2914
5492
4824
5493
6441
-1947
-1564
35
4578
518
-3137
546
-3141
-9714
-3226
3332
-7737
-9661
1764
1020
6494
310
5598
6168
2201
-4572
557
4869
99
-2412
2655
-2162
-4072
-2310
3545
-8589
-2879
-135
7300
7007
4061
2611
112
-1863
-3144
3108
8895
-118
2236
-1248
-7620
-6802
-2252
-5468
-6598
610
-3164
3121
214
4193
3119
3473
1674
2472
2771
1995
-3939
379
-7175
-2285
-2041
4676
-10212
-7120
90
4199
6994
7288
6617
4454
-392
-1816
646
6597
-2269
5264
-166
-8337
-8942
-3898
-4202
-7879
-1547
2353
6130
800
3070
4860
1896
-1979
787
7052
5123
-7564
-11
-5588
-4001
-3991
6352
-3480
-3348
-2001
2056
7057
3728
1719
6578
237
-1287
-3660
4226
-2277
3015
-821
-3226
-4820
-1396
-4442
-8905
-2300
-972
1118
7867
1858
1687
43
-1154
-286
3646
7004
-1023
3530
-5305
-5222
-4791
5146
-6684
-4357
3422
-822
3484
3186
2140
6255
-368
1899
2890
7186
-498
875
1428
-5273
-9506
-79
-55
-12602
-7442
1621
-1470
7530
514
5859
3480
423
-658
4638
6873
-4336
-134
1060
-5431
-9060
1548
-1413
-7532
1208
-679
6126
7842
1662
5089
584
-88
-2807
6047
6353
-2133
-471
-4943
-8944
-3398
-97
-7914
-5492
4810
-541
6485
-165
2524
-1575
3508
1391
1797
4494
-2455
-2253
1530
-6715
-2901
2767
1244
-8056
-439
-492
1413
4677
8082
5297
-3120
-2393
-1283
3348
8407
-1654
6305
-712
-7558
-6647
478
-7167
-9328
2232
3315
6172
-3178
443
403
1301
323
4158
8872
1123
-3985
1692
-6261
-6176
-3531
5984
-6682
-4599
-3553
2507
4083
4490
5362
3488
49
-1006
1980
10350
-2139
2329
-2502
-2759
-7477
-4274
-7244
-8201
282
-859
6143
5109
1797
1383
-217
-481
1211
4756
3951
-824
1286
-8133
-4836
-4595
5146
-7053
-575
3072
1249
6621
4598
2747
1816
-2473
3011
2280
6350
-2099
2667
-2210
-4721
-6566
956
-2343
-8732
-196
-555
786
4867
1044
6052
362
-4414
-2072
5000
4818
-1455
2791
-536
-2891
-6101
2526
-5416
-6693
591
1184
6007
3581
-1623
352
-1873
435
866
10382
3549
2265
18
-4473
-8242
-3113
-3166
-5437
-800
-2393
-1409
3660
2737
5449
361
1516
267
1863
5183
-521
-109
-2796
-3648
-3968
2098
-6417
-9090
1212
822
4834
5341
7045
2749
-1594
-82
538
5888
3517
3760
3302
-6133
-9344
-5595
-2046
-7311
-2987
3050
2699
2363
748
7286
-703
