-1543
-3649
-1736
-901
-981
6568
-2081
-3564
1786
4262
8570
2301
-6091
-6225
-2886
1947
-2247
694
-921
2830
4570
1115
2480
1348
-6983
-1444
-1793
-2290
-1914
4163
665
-958
1704
6356
2790
3379
-8064
-7609
-1523
315
1521
2194
1365
3967
-1453
4481
725
-2199
-6199
-3837
1531
-396
1250
1607
-2467
2190
122
5202
3155
-1202
-3837
-5224
553
-757
-128
1123
971
1715
-1268
2203
4074
-2242
-2835
-4113
-1454
912
3042
-3516
-1276
1060
3705
6986
4824
-3396
-6369
-3215
-496
-3631
2039
-1279
4171
4222
1095
1719
-530
-2077
-3008
-4906
-1329
45
5532
-1682
544
1906
695
7161
2444
-7016
-5073
-1974
380
292
3531
350
475
4463
1004
-386
-846
-4320
-1451
82
-1839
741
698
-809
90
-711
2878
4694
2652
-4610
-4191
-226
-4089
1111
2351
-300
2457
465
4587
3121
-1273
-4270
-5185
427
-1058
-818
-152
-1600
2887
1571
6051
3711
-3029
-3842
-2941
-2567
-2326
584
1564
4825
2903
-1117
1654
2337
-3053
-6152
-3940
-431
751
5371
-1995
540
-1402
3421
6237
164
-3929
-3782
-1990
3195
-3190
3775
-3860
6666
2825
-1658
2716
1614
-3662
-726
-5285
1275
-4432
6873
-3764
-1981
-476
3772
5804
4004
-6209
-1914
-6260
3423
-2547
1947
-2459
3809
4208
2970
1452
2290
-8986
-1251
-2725
-2911
-507
3914
-2052
1513
903
5047
741
2747
-5561
-5556
-1162
-1752
1762
4789
-36
3897
409
3589
2856
-2028
-5610
-5332
733
-547
1867
1477
-4478
1916
2029
2168
3428
-2022
-2956
-1316
233
-2263
-416
2243
2633
501
987
1047
3962
736
-5146
-4670
-3269
-18
3792
-3776
-573
491
4105
6731
2131
-2771
-7324
-1139
1205
-5201
3215
-1064
6282
4657
339
3288
-1091
-130
-2800
-8254
-939
-1545
5852
-2056
174
581
584
6542
2800
-7839
-4207
-3677
2292
-1017
4076
-1749
3047
3951
1656
314
1616
-3672
-990
-3873
-2151
-402
2319
-3351
1254
-1747
3414
3597
4169
-3749
-4289
-2389
-2417
1279
5383
-4056
4558
2820
2123
5498
49
-4217
-4712
-1978
-2912
-1162
2722
-3860
1651
5871
1362
4459
-1321
-4370
-4378
-3517
-2900
2144
4196
4184
1111
4329
-1494
5684
-419
-7341
-4040
-1434
-2787
5021
-1758
-1187
-2126
6180
3168
952
-1721
-4890
-3400
1679
-4962
3972
-987
5101
2509
-267
2964
3751
-756
-1710
-5253
-231
-4353
3758
-2251
-4252
1366
3706
5124
5448
-5424
-3305
-5456
-690
-1099
963
757
4988
3719
3046
2349
3397
-5177
-2811
-3070
-5207
312
1946
-3974
3065
380
3636
3185
3554
-5239
-6287
-2390
-3142
600
7176
-2472
7106
1028
824
5200
-1153
-3093
-2891
-3125
815
-649
2297
-7827
2280
3325
-1174
6151
945
-5487
-488
-4548
-3402
-1457
5393
43
1381
5590
-491
5831
3441
-5161
-3177
-3846
-835
1788
-2876
-3436
-206
5401
3175
3692
495
-6428
-3583
-854
-7420
2347
3895
3027
4876
3952
1243
3061
498
-3773
-8410
-85
-1688
2378
-72
-4108
395
3433
3023
5306
-4690
-3340
-4649
-692
-1599
918
2737
2116
2649
3375
-403
5242
-905
-3911
-2141
-2189
1040
1299
-3676
-1922
-1422
4757
3987
3672
-1129
-4948
-3013
-4242
-1663
2484
-2180
5306
3665
1309
7445
2629
-1977
-5381
-3040
-2687
-1152
3042
-5432
-1027
4699
940
5476
1415
-4859
-3700
-5146
-3676
-80
2886
1607
3756
4748
-464
5430
3167
-6300
-3404
-1577
-3458
3586
1634
-5383
-2315
3065
2525
2647
2603
-4776
-4680
855
-5057
278
3418
-689
3550
2279
3145
5319
1881
-2164
-5033
-684
-2560
-397
2093
-6373
-299
3555
2532
7301
562
-4884
-5318
-3579
-3093
-1822
4486
780
1333
6420
3540
5111
329
-6116
-2851
-3644
1818
-257
-1573
1263
-1155
1691
2869
3016
915
-7292
-2675
-4857
-2099
4412
1491
1842
1107
614
6800
1742
933
-5594
-3509
-348
2200
-908
-4410
-1071
2606
-2435
6199
2427
-2729
-1245
-2962
-6627
-994
1540
2362
324
4246
212
6212
8100
-2218
-5007
-2212
-3822
4418
-2529
-3901
-229
2851
3025
3576
2488
-5205
-4864
-653
-8545
683
3023
-182
5844
2159
1305
3480
4481
-3005
-7078
-142
-1950
391
4566
-5864
-10
2122
1132
3774
1424
-4083
-4174
-2692
207
-2694
4062
-679
1436
3122
1407
4499
4649
-5039
180
-2460
944
-3817
600
-2564
-2280
3082
2794
1211
6406
-6177
-3968
-5897
-915
-1231
1844
2512
1071
531
8447
2409
2868
-6758
-2600
-1522
989
-2914
-47
-2056
4470
804
4256
-565
1094
-3521
-5385
-5834
752
-1293
6718
972
842
-908
5176
4630
-1156
-4234
-1095
-2752
7578
-3318
-1602
-2129
871
2275
2211
759
-1381
-4913
446
-7258
-46
103
2261
2696
315
1860
4731
4205
2485
-5870
-2250
-2454
582
-69
-4585
-698
1900
2233
7472
1068
-3477
-5643
-4233
-2388
-3807
4253
2058
458
6093
1606
1591
4528
-3779
-2881
-3712
2342
-2219
1179
1388
-380
322
3227
1611
5314
-7597
-4185
-5352
-1320
-41
4461
-486
900
-154
5721
-1087
5918
-5256
-2712
1163
3410
-6158
2027
-3090
4038
-3257
5659
1589
3503
-2819
-4899
-8468
1469
-4875
7095
-1976
3472
-153
5527
5695
1813
-6659
-1174
-4583
6652
-7576
2042
-1448
2762
2607
3112
962
1641
-7829
-2433
-9980
1797
-1608
4696
4741
1998
-582
4900
2353
1355
-7923
13
-1962
2220
433
-865
-1337
2763
-592
4364
953
1655
-6424
-4983
-2227
-2268
415
3143
23
4128
-1774
4499
4321
-2828
-1353
-1833
-694
-1326
-1240
542
-961
3831
1981
1394
8388
-2086
-6447
-6758
-4047
-2312
1657
3016
2864
1720
5457
2078
4151
-5254
-4038
-1619
492
-3612
1495
-1721
6949
-414
2325
242
3653
-3012
-5870
-7853
-407
-5110
8538
104
4314
35
2289
2983
2383
-6167
-1377
-3983
7174
-6670
1569
-2122
4384
-156
2895
1726
4746
-4915
36
-9788
-972
-4403
3193
947
4333
-20
3948
1824
4304
-6005
-2504
-2887
1629
-3571
-222
1058
5605
-1119
6725
2835
-197
-3648
-6290
-6823
-3006
-384
2759
2065
8777
517
1940
4024
-3419
-2732
-3641
192
77
-2880
2921
2841
2071
573
-209
5309
-2273
-2202
-6556
-5259
-668
911
671
4278
2231
2744
1078
3763
-3691
-4299
-1140
747
-4656
-1372
-2595
5819
1261
2727
2169
4787
1155
-2923
-8396
-2625
-7635
3079
409
5763
3023
1305
5369
3792
-6576
-2379
-5482
3415
-5988
1469
-356
5017
4119
2528
-206
6843
-6839
-2709
-7315
-221
-6566
2636
4388
6436
-453
3306
-1289
4931
-7376
-2307
-2936
1042
-2229
2241
-1391
6357
-2788
4610
1834
6275
-5081
-7127
-2352
-992
-6445
2818
-1388
8051
438
3544
3248
503
-1748
-3410
-2776
-824
-6202
3168
477
5637
375
593
9129
2846
-5532
-8755
-5972
122
-2812
2081
1817
4858
5518
2081
2699
-2357
-6930
-3134
-1239
-2544
-3251
227
6550
4209
-47
1382
5151
2534
-4417
-8578
-3552
-2226
3200
1051
782
4760
-812
4333
3753
-3490
-5071
-3759
3095
-2719
-3310
1065
1026
5347
-133
3311
7026
-2035
-1839
-7212
-5766
-2285
-419
2697
2148
5571
320
3927
8468
-5402
-6842
-2225
-2873
-3026
-771
1113
2839
2851
3356
4612
6377
-3564
-8480
-4426
-4405
-3044
2903
226
7090
3366
-1915
3543
2551
-5335
-5964
-1669
-2245
-4267
5032
1363
2799
2273
-1509
7572
6870
-4146
-8871
-3502
-1314
-2102
2008
304
3425
3667
313
5368
2039
-4646
-3204
-273
-5291
-3210
-365
2036
3946
805
-209
9431
6742
-3651
-11865
-2584
-6344
428
3213
544
5289
854
3938
6790
-3266
-4218
-7517
-624
-3226
-2240
1688
1183
7407
-949
515
10384
-659
-4015
-8200
-4846
-2308
349
6223
2553
3518
-2203
2762
6687
-3015
-5620
-3420
-4625
20
-367
-235
1109
2958
-2974
7111
9610
-227
-6477
-2076
-5855
-3699
956
1078
4233
4838
-4371
5800
5166
-1097
-5901
-3587
-5207
-4870
1987
2143
1258
3162
-3318
10893
9886
-3525
-8596
-5490
-5131
-961
1933
1659
5717
5429
-2707
3583
4458
-6037
-5636
-453
-5283
-3103
2592
3276
3035
-794
-2470
7130
8939
-2513
-10170
-3211
-5111
2666
2729
-649
6835
-171
-1606
6133
2822
-4536
-6302
1212
-4903
-3007
1872
-1357
4089
-951
-118
10136
6005
-947
-9263
-5270
-4039
-243
2402
2344
7774
-1724
181
7501
-43
-5918
-5992
-6012
-3508
433
1444
551
5160
-2903
4486
9555
2241
-6797
-5813
-5881
-1419
1018
2346
4399
8348
-4373
2286
3501
-1727
-4389
-655
-6894
-1537
2776
2157
68
3547
-7842
6691
11382
189
-9050
-1956
-5763
292
1044
1463
2564
6074
-1538
4698
2955
-3611
-5557
427
-7986
-2903
-93
285
3479
2871
-5869
8584
11341
-1633
-9968
-2613
-7548
410
4205
1981
4062
3956
3
5106
1791
-6559
-8613
-1258
-3676
-185
530
462
4949
1311
-2976
6907
6033
-4149
-7179
-2336
-5778
2367
3258
3543
5674
-560
-501
4899
2403
-4889
-7756
-2845
-2485
2515
-781
-882
2712
-2814
4031
8893
2792
-3691
-5438
-3249
-3447
912
-1121
3550
10215
-1851
1309
5542
-278
-4319
-5129
-7541
-4000
2026
2192
120
3155
-4238
7303
10306
-308
-8450
-5504
-6414
2118
2687
-225
4355
10303
-2224
3044
3489
-5885
-8076
894
-7588
-3247
2937
2684
1525
3072
-7104
5314
10014
366
-9353
-3175
-6466
2507
4243
369
2673
5199
-3057
6966
6194
-7193
-8475
1005
-5688
-2253
1281
-1778
2686
4413
-3408
5963
10010
-2617
-7676
-3760
-7674
-547
3494
4524
7065
1994
-866
6954
6549
-7283
-10571
-6469
-4449
2592
1124
-1986
4663
1099
1446
7599
4474
-7759
-6109
-1666
-3358
416
1171
6093
9287
-1034
-1400
2354
2858
-2935
-7073
-8765
-2213
4764
751
8
2347
-5882
4682
11564
1851
-9241
-5056
-3063
-70
2623
-2809
3135
10351
667
3581
2933
-1457
-2903
-4075
-10003
-5192
2438
-79
3740
5078
-8161
6957
14096
-1463
-9917
-6902
-8173
317
6777
66
2473
9086
-489
5574
4913
-7674
-7527
-2668
-5988
-2538
1975
583
4666
4634
-6405
4584
10259
-4127
-6435
-4157
-8542
1173
7035
3266
4839
3423
-2956
6341
9006
-6284
-8957
-3299
-4641
-1238
2319
-3103
1225
2038
387
6745
7266
-4648
-6111
-3851
-5064
-2634
2559
4914
9196
2966
-1791
5482
7266
-5369
-8772
-8628
-5647
-311
4848
-174
1039
-363
4711
8228
4773
-9346
-8904
-5436
675
136
151
6019
10703
779
1580
1228
1443
-5656
-3573
-7644
-5320
1715
3462
1801
3346
-6824
4930
9469
4117
-7661
-7756
-6404
736
3340
-17
3237
7774
-1644
8056
4675
-3400
-5334
-2374
-6273
-5043
-73
-1907
3507
6599
-6249
5723
10090
-1516
-6067
-6441
-9585
-3685
4941
4678
6919
6334
-2006
8561
7144
-5886
-8534
-7233
-5254
-997
1395
-2809
4322
4168
-2728
6625
6698
-7833
-5489
-2164
-6316
-4256
4402
6045
9172
4462
-3405
3464
7365
-3001
-7531
-7761
-3931
318
2535
-1244
1512
-1569
2136
10127
6579
-8163
-6909
-2734
-3064
-3443
-222
3145
10001
5029
1468
3028
4527
-2793
-5223
-8743
-5589
-1479
1641
2373
3834
-4606
4781
10456
4029
-8834
-7850
-8876
-922
2192
767
3627
9931
2004
5981
3630
-1521
-8314
-2536
-6989
-3583
973
-450
3585
4417
-5750
5093
6422
-512
-4763
-4034
-9909
-2344
4857
1417
6437
6263
-3956
8560
8376
-4141
-7330
-2859
-6066
-3138
3446
-4130
325
3168
-586
7847
7601
-5536
-3369
-2326
-7864
-6152
1364
2643
10955
5923
-2539
6886
8633
-5202
-6487
-7015
-8120
-2362
6083
-344
969
45
1431
8936
6894
-10170
-8303
-2545
-3419
-3415
294
3478
10445
5937
-770
3788
3488
-4533
-2708
-4922
-6361
-1377
3376
3156
1085
-4773
-1120
9872
7635
-7897
-7212
-4468
-2790
-39
-140
2031
5992
3497
5511
5799
1109
-6668
-1891
-5301
-4723
-2600
-2238
3772
6557
-4982
2420
9443
3417
-6265
-3136
-10125
-6313
1743
5277
4105
7045
-1191
7595
7892
-1228
-10793
-3451
-6233
505
315
-1397
1735
6548
-3931
5338
5047
-4837
-6444
2996
-9636
-5802
-151
6208
6790
6401
-5629
5306
7552
1506
-8336
-2735
-7501
165
2469
179
-1701
1850
-1836
11169
5338
-6640
-7946
2433
-6364
-5399
-3240
3163
6906
9809
-3132
5436
5058
-94
-6233
-2844
-9198
-4509
2679
6275
-1499
1526
-2074
10639
5083
-6083
-10531
-2840
-4391
650
-1790
5054
5355
7957
-173
6927
-464
-6111
-3552
597
-6970
-1798
-385
5688
1703
452
-2900
6801
2747
-3239
-5572
-4752
-6483
2147
1836
4644
3601
18
3285
10603
-541
-8244
-2358
-1311
-4019
-487
-2657
-13
4456
2329
3558
5300
-2008
-4891
255
-7127
-9739
-2585
5087
7088
6950
-3345
4648
9349
334
-9501
-3105
-7111
-1255
4027
1180
-1834
3800
701
8669
4667
-8112
-10952
4379
-4248
-6626
-2717
5101
6719
9295
-3851
2325
3628
612
-6245
255
-8126
-2072
3882
4329
-1524
-640
-4533
12374
6435
-7092
-11546
2835
-4767
-2594
-1423
1994
3069
9715
-517
7635
715
-2551
-4697
1346
-8102
-4914
-2115
6627
3289
1308
-5104
12968
4223
-5813
-8078
-3802
-9087
1682
1729
5094
2705
4495
1290
10337
-1580
-8802
-5564
1981
-2822
-215
-3731
5618
4603
1464
-1406
6527
-2785
-4908
-1039
-4641
-10011
1001
3780
7869
4326
-3808
1714
10709
471
-9011
-3596
-2036
-1949
1371
-1750
-1289
2101
2381
7234
5938
-4346
-7836
3472
-4726
-8285
-4316
2619
9013
8862
-4582
3992
6446
598
-8866
-311
-8845
-3978
3889
4787
-971
2898
-1132
11298
5268
-5145
-13690
1580
-4866
-3011
-3115
3165
5291
10416
-4667
6054
-359
-4214
-6665
5231
-8292
-2623
930
7967
-159
3355
-6521
9209
5098
-1650
-11024
377
-8861
722
-1279
5107
1063
5221
-330
11813
-802
-5689
-7579
5598
-6764
-1143
-5192
3922
4023
5530
-3255
9779
-736
-835
-5784
-2900
-12939
-1623
1739
9233
3046
1139
-41
12545
-1460
-7508
-8435
-1313
-1403
2941
-4164
3506
2796
4667
2741
7510
-6982
-6504
2924
-2764
-9916
-1270
703
11197
5352
-2652
272
6047
821
-6725
-2898
-4930
-2580
4249
-549
1844
677
-1807
10767
8130
-6456
-9439
4119
-4438
-7647
-2658
-1374
5594
10069
-2242
4825
3970
-2846
-6962
2440
-7536
-5381
-573
5299
3079
4130
-4298
10278
7682
-5371
-10774
2315
-10119
-1774
-286
3168
4473
8172
-1664
8401
1220
-8121
-10462
7354
-6420
-2095
-2830
5136
4246
5603
-4246
7543
473
-1598
-6495
2093
-11018
-2120
-500
7081
3297
1372
-3908
12717
1147
-7270
-8066
3031
-4225
740
-4382
2477
1729
7044
1900
8795
-2719
-3623
-2544
-240
-9147
-5071
-4376
11292
6596
77
19
9372
-395
-6068
-5262
-4902
-5855
2712
-1600
3073
2451
2288
7013
8649
-5774
-7935
-1993
-1287
-3128
-2593
-3746
8731
7706
-691
3231
3765
-6543
-4158
2172
-5882
-3873
644
507
4981
3698
-3694
6131
10346
-4153
-7478
1203
-7164
-1816
619
-2899
3636
5161
105
8910
3944
-8751
-7809
4848
-5095
-3798
-4940
-1656
6835
8909
-2925
8471
5359
-4234
-4851
1536
-13150
-3931
2175
3450
3941
4615
-3253
12084
3779
-9766
-10564
1693
-2457
1950
-5289
425
3596
8702
-311
8610
-2764
-6851
-1323
4137
-11374
-2556
-2195
7876
5248
1923
-5127
8541
2491
-4915
-8120
-358
-4957
2576
-3929
1000
184
3601
5927
12176
-3545
-5840
-2583
2264
-6800
-3067
-6069
5714
7841
3208
57
6356
-2770
-4207
-2428
-3145
-7118
-1556
737
3892
3363
679
5798
10776
-2613
-7413
-3682
-4724
-1788
492
-2491
4751
5721
1447
5540
4639
-9676
-8897
4657
-1969
-5198
-2254
-1399
4182
7793
-1812
2878
7065
-1678
-4334
1457
-8335
-3264
2544
953
3928
1244
-3599
9896
8090
-10888
-9846
3978
-2406
-1614
-2685
-6079
2693
11441
1194
6049
4438
-6166
-2487
4016
-11095
-6186
-1339
5208
8514
3355
-5404
8909
6654
-8773
-8735
-703
-6281
2238
-1069
-3455
1534
8323
2243
9545
692
-9670
-4131
6580
-6258
-2576
-4447
5518
7849
5690
-5211
2645
-75
-4049
-3950
128
-6385
620
-1943
2258
872
1604
1737
11306
1442
-7079
-4908
1547
-3883
1088
-5421
1395
5212
8214
1372
2779
-4234
-5968
-1131
1695
-7175
-5300
-3700
5150
6461
1602
1335
8243
698
-3738
-3566
-6169
-4456
3773
1255
1578
4068
4597
3833
5502
-8832
-11568
154
2808
-1836
-3702
-4286
3905
9085
3516
155
3720
-4012
-985
3615
-7458
-5310
1908
2921
4789
1834
-2152
2668
8302
-7610
-10248
603
-753
-979
-531
-6374
43
6269
5577
5058
3193
-6980
-2425
4460
-4085
-5906
-3721
3019
8757
5953
-622
3131
3578
-7186
-5285
-1608
-5336
-1684
1048
-51
1187
4376
3810
6230
3132
-8629
-7428
1104
183
175
-4367
3890
5436
6341
3163
804
-5417
-7707
-2513
2160
-4860
-2455
-2776
2883
3600
2873
-703
4825
4105
-2437
-6221
-621
-849
2119
-747
2088
228
5204
5859
4444
-6870
-9097
-3125
3025
-2238
-4008
-6693
2497
7932
7126
-468
2889
790
-2330
-1486
-4929
-6467
952
3263
5068
2611
2303
4163
5698
-5739
-11896
-4741
757
441
159
-5031
983
7058
5769
2030
545
-6726
-3753
3361
-1739
-4195
-841
4012
7163
5744
-154
-764
4005
-4504
-7450
-2841
-1721
-723
-208
-1380
1280
1110
5152
5006
3964
-6451
-4987
1263
-197
-1590
-3518
-675
6848
6985
4378
-608
187
-5202
-6105
-1285
-3134
-6450
-1839
2812
5631
2153
2725
4077
3397
-3252
-6640
-4492
446
2302
276
2246
4320
6227
4959
1332
-3840
-9192
-6097
2245
-916
-3086
-4565
3724
6062
5057
-1880
-336
562
-269
-3786
-2952
-3545
3212
110
4598
1724
2188
2670
5311
-3824
-6982
-6706
1332
-2290
1394
-8006
326
6282
8801
213
3100
-3535
-1332
-1731
-848
-6092
352
-120
8887
5670
3868
1100
3407
-5349
-4429
-6754
-3526
-3351
3979
-4716
3590
4342
5494
1692
3330
-7179
-5764
-3022
2392
-1938
1084
-418
8121
5733
5416
-1263
-2255
-6648
-1095
-2765
-2116
-4855
500
-1160
6373
1026
2064
805
5649
-2264
-5276
-5262
1500
-935
1170
-1030
3961
3252
9674
645
-2539
-6216
-4184
-814
-546
-6812
-4955
-288
10224
3566
1918
425
1150
8
-4206
-6815
-2753
145
4281
3643
5600
3884
4773
3059
-2506
-8440
-7953
-228
266
-1685
-6066
1586
7064
6833
921
-443
-4028
-1514
-1410
-1884
-4063
2676
-1172
7632
6850
2508
-356
2045
-1404
-4787
-6297
908
-4826
2420
-6906
1987
3465
5251
3436
3130
-4497
-2798
-4365
1297
-4500
1226
-4831
6532
10041
5672
-287
463
-5083
-3515
-3279
-1746
-7905
-339
-1570
6060
4087
4209
939
3603
-1955
-7100
-5990
245
-301
3352
-990
6104
6327
7476
803
-4129
-7143
-6159
1486
519
-5401
-2665
-1834
8116
5692
256
-2106
375
1310
-5955
-4311
-1094
-2515
3232
2549
3346
3858
5457
3967
-1025
-5412
-6151
-389
407
-1523
-7275
-2425
6174
9279
2256
-63
-283
-2056
-3743
-725
-5732
-2034
-843
7846
7388
5273
2909
539
-999
-4217
-8400
-2203
-3816
4265
-5655
589
4663
5956
1792
2869
-4495
-5212
-5465
3615
-3602
1285
-4154
6417
7738
8111
-2629
-1578
-4246
-784
-3592
-1252
-5869
2498
-3915
5451
433
3445
-657
6851
-1426
-5789
-5339
597
-2247
5067
-7000
4216
6226
11677
703
-899
-4306
-5134
110
900
-9947
-1257
-2283
8233
4610
1792
-1275
2346
737
-6302
-7381
-2554
-2769
6613
112
3072
6956
6007
2042
479
-8086
-9520
293
3323
-4699
-3957
1695
4078
7999
1561
-3724
-17
-335
-3932
-1225
-3341
-1210
86
6008
3651
4278
1511
640
3538
-3626
-8960
1082
-1076
-303
-4302
766
1875
6014
3607
913
-1500
-2475
-6972
2154
-2340
-3099
-4251
6567
7514
8218
-457
118
-863
-1452
-6009
-2732
-5021
-136
-1252
6551
1983
4576
-1378
3790
-825
-7494
-8713
1653
-28
1658
-4819
6757
3986
10109
-771
-3460
-3888
-3548
-395
1610
-6471
539
-2422
8578
4206
-214
-4935
3020
3550
-6537
-6029
1921
-4064
4627
175
1460
3776
8450
1682
120
-3212
-6772
-258
3276
-6650
-4385
-950
4954
9197
1311
-5156
1379
1020
-7208
-1388
-2886
-5275
1917
7276
2294
5572
3755
-968
1243
-1806
-12352
-649
1168
-1230
-2282
3441
2812
8272
1892
-1860
-3691
-1966
-8346
3750
-397
-3171
-1948
7574
3428
8165
-2671
-2326
670
1215
-7845
254
-789
-2124
-1507
7860
-2755
4742
1348
1347
-803
-4569
-8804
2341
631
-107
-6750
6306
3864
10435
-362
-3337
-283
-2914
-3914
1954
-6656
-3236
-406
10967
1996
3130
65
-254
1359
-6192
-10070
735
-508
3467
-1037
4563
4574
7849
-735
-1456
-4541
-7321
-739
4426
-4466
-2864
1289
8207
4307
2881
-5364
-1586
55
-6050
-2142
-74
-1883
1738
3153
4777
2012
3333
-1225
1105
-1727
-9634
1649
1444
-3428
-1047
561
4813
6696
3612
-267
-2183
-2050
-10293
1682
699
-5521
-2653
6856
5452
6613
430
-883
-1935
-65
-8420
-2393
-824
-1595
-442
8052
2152
5139
-496
2319
-1452
-7167
-11849
2988
2754
39
-4585
9320
2094
8030
223
-4888
-4220
-601
-5287
1645
-2079
-1470
-2125
12880
1626
734
-2072
2171
1658
-4771
-11269
2317
977
1380
-2860
6241
39
7337
2579
-1439
-3661
-3874
-4847
2640
-1975
-5164
-1918
12640
4869
3464
-2897
293
168
-6454
-6489
-1537
-2082
1606
2303
7669
1655
4693
-780
348
-2069
-10804
-3186
3498
-835
-650
1512
8690
3558
3815
-1599
-3899
-2591
-8564
-973
1771
-2402
-752
4178
7678
3351
-1007
-3135
519
-686
-8494
-1248
1124
-2864
407
5862
3753
1710
3587
1716
-9
-3696
-10338
-702
1789
-1071
-5721
5048
7785
5867
1607
-2907
-876
-1780
-7471
320
-3163
-4773
876
11022
5806
1284
675
1062
-334
-2639
-12820
-2023
2828
696
-1908
8027
4075
4435
234
-1495
-5639
-4223
-5737
2525
873
-3684
-471
12720
3640
3172
-4606
-138
-196
-3297
-6540
-1072
-392
-430
-534
10775
-1066
2939
-837
712
-41
-7106
-5787
1503
-1300
-431
-2217
9994
3301
4674
-378
-232
-1600
-8092
-2721
1947
-5782
-2257
3736
10071
4105
1425
-3125
-222
-118
-7518
-6491
-1550
-1146
1832
6866
7988
1798
1268
1334
1717
-7332
-11527
1522
1885
-753
-3767
5363
7716
4681
953
-6057
-2195
-1199
-6722
1125
-3666
-3583
829
9320
8954
-2497
-1690
3619
2442
-2400
-11131
324
1654
-1145
-1774
3012
5294
4822
1194
920
-3664
-3903
-6302
960
-1067
-7175
-786
12293
8751
3374
-3454
2171
-948
-3229
-7779
-3994
-311
-18
-409
10052
2729
2369
-1745
2373
-2972
-8568
-8466
1781
-575
-698
-851
11458
4783
4606
-1916
-717
-4227
-2117
-4850
1641
-1671
-1906
-364
11289
3433
-1583
-5097
4478
-1691
-4027
-7451
-1197
-2270
1234
2995
7482
204
5129
773
3831
-5227
-6341
-3133
1785
-411
-5249
183
11994
4059
1538
-3751
34
-2456
-4304
-3784
-6005
-5367
3745
7782
11734
-810
-382
3333
2185
-5041
-10719
-3505
2850
63
701
1818
6961
3183
385
783
-4600
-6024
-3266
-1402
-1427
-5410
779
9210
10227
627
-4403
2808
3122
-3326
-5640
-2464
-894
-168
2001
4652
1724
-1292
1642
3464
-389
-5936
-8246
-608
-1095
-2798
-1891
6900
9651
1536
465
2886
-3328
-2590
-5637
-592
-4062
-2932
5165
8670
4882
-2251
-3187
5070
-1973
-3701
-11028
-3987
442
1289
3362
8146
3359
2728
798
4800
-8595
-5963
-1650
1077
-316
-2124
761
11117
2751
-1391
-5584
1415
-29
-2702
-4622
-4999
-5534
3788
3882
9604
-2442
-1380
5759
4478
-3937
-6068
-3388
1743
-453
503
-877
8526
3615
-2000
1100
-888
-4728
-3688
-2466
-4893
-8426
2718
8936
9787
1726
-2170
3060
2820
-3289
-7152
-4243
-2255
1262
2638
5477
6334
-776
-2311
2190
-795
-6032
-8074
2018
-3696
-2556
3253
6213
7145
1385
-2055
727
-1707
140
-5797
825
-2571
-1143
3641
7397
5734
-3401
-5705
5394
135
-2231
-8017
-2751
-4893
948
2419
4701
3068
3036
320
5981
-3130
-3615
-4275
1254
-3236
-1191
-489
10125
5633
-1601
-5321
1661
-2530
-1853
-7456
-6534
-6829
6347
2852
9967
2046
-2354
2396
7112
-5858
-5035
-5151
2221
-26
3858
767
7598
3038
-118
-3327
-201
-5424
-572
-2853
-4089
-4500
3530
3699
11189
-1247
-3594
1062
6509
-3430
-4090
-2628
-3223
-1077
4787
1396
5372
-2571
1380
664
585
-3650
-7600
-1511
-3346
-5106
2880
2710
10191
837
-620
2857
200
-2224
-4038
-1102
-3692
-3219
7845
7127
6398
-795
-3026
1266
1384
-4914
-9678
-4065
-2735
-18
5168
5257
2924
654
1401
1039
-2160
-4999
-2281
2048
-2378
410
2129
7141
6288
-3880
-3865
-614
774
-3462
-5783
-3526
-7433
3962
5781
4587
1387
-2508
3990
4353
-1628
-3147
-5230
799
-831
1659
840
5805
6149
-1232
59
2340
-4963
-3742
-2917
-6722
-6494
3695
5675
8302
1180
-1326
508
2868
-2304
-4484
-4700
-3267
1563
6309
3390
7439
-732
-1706
2212
610
-6492
-8363
-1143
-5101
-3236
6024
2178
6230
1477
-1244
379
-159
-403
-2334
831
-2217
-2904
5984
6164
3490
-2520
-3143
2506
3510
-3628
-8840
-2955
-5597
384
5093
2486
1945
2351
2769
1922
-264
-5399
-5045
4223
-5214
-2766
3989
7253
6179
-71
-1503
-964
2600
-2552
-10468
-4093
-7799
3129
8017
4176
2021
-1349
2352
4304
-2499
-6931
-5206
4893
-975
1847
4651
3823
4309
1023
-2218
-1387
-376
-3270
-4341
-5355
-5590
2018
5406
6511
-258
-3399
1488
4107
372
-6240
-2166
-1592
-1097
6169
1464
3141
1446
33
3913
-208
-1041
-7499
-3662
-5908
-5843
2611
3236
7482
3975
-1937
4426
-552
-951
-3124
-3214
-5213
-1768
6759
6280
4183
502
-3596
4203
1995
-4256
-8030
-3497
-7094
278
4765
4153
2818
1792
1308
662
-2343
-3285
-3174
3139
-5210
32
4556
6599
6009
-3431
-2998
2293
3028
-1038
-7186
-2167
-10406
327
8173
778
1540
-338
3422
4779
-1362
-3430
-6049
2322
-2977
-1893
4345
4387
5789
819
-637
3104
21
-4338
-3849
-6098
-10083
192
8080
4817
1910
140
1328
2599
742
-7353
-5419
-516
-1704
4133
4768
5236
1444
-1232
3888
-1788
-840
-6657
-2165
-3204
-6503
1785
3497
5195
4314
-3416
3504
-820
1618
-2323
-2432
-2536
-2949
3225
6831
2739
-304
-2591
6751
1025
691
-6479
-4385
-5973
-1386
-1521
1949
4000
3140
1365
4640
-3421
-1686
-4179
1658
-7233
-2930
3189
7246
7145
335
-1088
4356
202
1511
-9839
-3889
-7060
-338
5038
1492
3810
233
1895
6128
-4549
-4060
-4601
3773
-3342
-2878
5543
3190
4857
1106
-3838
1935
2005
-2425
-3990
-3006
-7467
-1076
5257
1790
1221
-1348
2477
4395
1814
-5956
-3998
2013
-5895
1477
3587
2136
5003
282
3560
2519
2601
-6301
-4909
-1833
-10480
176
4729
1582
5226
-921
4086
1435
-467
-2992
-6318
-269
-4241
1339
7465
3741
1905
-1265
3803
2820
-1611
-6543
-3878
-4656
-2390
984
3819
2103
-210
2566
2763
-2247
1002
-4270
210
-3022
-1587
288
4718
6861
-3382
-1060
7012
-435
4017
-7005
-1960
-7607
-2115
3972
347
1337
126
1633
8502
-3717
729
-7455
200
-3328
-3648
961
4746
3851
1938
-424
7792
-1097
-667
-5429
-4032
-8783
-564
3507
4264
1118
285
374
5085
659
-5050
-6177
2984
-6038
2878
4155
3947
2833
-737
2762
3232
1613
-3861
-5348
329
-7409
428
3003
1281
4438
-3949
1532
3927
908
-1824
-4191
959
-7050
-31
5802
55
1179
-1540
2835
6757
2364
-4414
-6175
-4173
-2661
-1767
1959
3868
1542
693
3019
2106
-1161
-3581
-1988
-3518
-4416
971
4611
7382
-640
452
3254
3331
3137
-6783
-6761
-4617
-1867
2524
1389
5500
-1897
