3381
-7171
-871
-2702
-3782
-3179
-5833
-3918
1716
1237
-2464
-809
1906
-1445
-2608
-870
7553
8962
5180
-3866
-4603
532
-3452
-4634
-2908
1073
2795
1702
-458
3772
7493
11373
6113
8789
7378
1422
409
1110
-8962
-5801
-6711
-6536
-4067
-8078
-5642
-1596
-435
-1631
833
7112
2624
-4969
-4192
-1009
3985
-671
-4797
-4790
3960
4651
3192
1163
4636
3921
5299
3366
-2316
1362
4549
-454
3685
3914
1750
1488
492
-8176
-7135
-6054
-2893
-421
-2205
-1161
-1985
-629
-5697
-4244
-418
556
-5005
-37
1953
8620
2844
-1023
-5144
2047
7026
224
-3651
-376
-2118
3652
3531
1640
7938
8625
2578
3672
2906
3312
2770
3206
609
-8519
-9074
-9695
-7266
-8079
-6490
-3885
2757
-2071
-2290
288
3716
-2191
1002
4755
9718
1318
-1081
-8299
1035
7890
3938
4310
5215
-1046
781
-1619
-2669
4509
4750
6208
1833
190
-972
-1014
-2015
-3417
-9786
-4386
-4520
-3076
-4031
-3620
-2642
3144
2325
1712
-1917
1964
-6215
101
3110
7179
3968
2376
-6636
-4124
-160
-1509
1666
2182
3144
3013
-766
-1765
3865
5527
6625
1917
4562
3183
1434
213
-155
-8014
-3601
-4304
-185
-4460
-6246
-7594
1247
1949
75
-1050
3629
-5317
-3977
-1624
4363
5551
555
-1853
2823
2161
-897
-1662
1888
4583
-29
-1167
-3000
1114
2030
3826
295
5197
2308
5540
2297
-607
-9567
-5859
-2795
-270
-3173
-3469
-5407
-1026
-818
-3647
174
2623
-453
3667
1333
2957
1827
-2961
-4300
-3343
-699
-697
-2869
-714
3802
559
3794
-809
6729
11757
8307
2918
4294
5125
5278
652
-286
-6471
-7651
-7380
-6243
-4149
-4053
-5308
3465
3294
-4689
-3083
-3316
-3045
-4105
-2957
2683
6403
-616
-2086
-1798
5677
4402
1892
5694
6944
1223
2165
-2263
1422
3773
2187
1189
1790
128
-1260
-1204
250
-4684
-1701
192
-3895
-4357
-9139
-6614
-1764
2086
-4283
-33
-1881
1275
-1592
2793
4905
7485
5295
-765
-5830
-223
1931
-128
-469
1379
639
3935
-1537
-1792
5173
7111
6067
6621
10135
3091
-521
-6204
-8255
-7222
-5546
-7867
-2022
-5444
-3917
-3370
4591
-618
-110
1744
4904
-3337
-1328
-650
6759
4839
-1439
-3099
4056
4211
-107
-663
2665
2069
3934
7612
1134
1969
-4093
-1929
-416
2989
-1666
782
-2686
-5220
-6841
-857
-587
-472
-3282
634
-3542
3330
-4977
-1974
738
1025
-2601
3251
1119
3639
752
-3966
-4028
-1324
5945
3359
-1505
-3637
-4828
-2386
5326
-1245
6353
3459
3882
2511
7546
5210
4887
-688
-562
-5715
-4052
-8896
-3820
-2599
-2265
-5380
4156
-803
-4464
-4027
-2525
-593
24
4041
8752
4212
-4483
-8764
-2298
7762
2850
1227
2663
2198
-2502
4723
-194
9259
2330
4430
2743
4508
-868
55
-613
-2920
-7629
-2134
-2992
-2954
-6106
-6561
-3245
1489
2959
935
266
-3267
-6074
-4558
4443
4601
2929
-2394
-6356
-4524
2783
-438
3635
1199
4558
595
5164
-1346
5979
6486
5732
2406
4381
5344
1902
-2052
-6108
-6145
-2892
-3969
-478
-800
-5741
-7806
-5604
4018
-2701
-2821
-3604
-1374
-4011
2374
3858
9802
259
-5177
1800
8399
4286
1800
495
6238
-541
411
-1768
1893
2503
-497
927
3222
2915
2805
2606
-5430
-9923
-10728
-4031
-3008
-3063
-6546
-2066
-4062
5313
-3497
2974
-654
-561
2292
6866
4847
6089
-1267
-5225
-3115
-197
1544
1049
-3379
-89
-1187
4652
3080
3432
11169
4861
3860
-4264
985
2114
2387
-5972
-5411
-5992
-1949
-5502
19
-2357
-2074
-1915
8940
-102
618
-6259
-2679
-1010
237
3037
8762
1735
-7884
-5713
4532
8509
5572
5673
5375
1869
-4535
-2822
-3129
4670
-1428
5936
3049
4796
-1224
1292
-1004
-5566
-5543
1570
-3448
-46
-9305
-5002
-2136
3778
-1437
1488
-3835
-5412
-3306
1712
7405
7082
6523
-3770
-6720
-5659
-3241
-1769
8
-2893
1216
1406
6545
-489
5247
5258
8031
4258
8015
2160
3216
-4883
-9374
-4597
-713
-6379
948
-4760
-6615
-6058
-76
5127
1937
736
-1820
-2183
-4073
-1380
2036
5716
-4800
-5530
1972
7037
3207
2678
3568
6994
329
7057
163
4030
-2081
-2367
4906
7633
1564
2398
-1890
-10199
-9751
-6841
-1668
1395
-3444
-4015
-2712
-2379
-915
-6293
-430
-4048
-1876
993
7188
4543
4386
-4121
-3936
-1547
4224
1540
2408
-1953
-1601
-1023
7087
2821
6624
4986
-573
2204
35
5776
5517
-1010
-6600
-5726
-5136
-6275
-7314
-2124
-4541
-4603
-2955
7522
-873
-1003
-6138
1487
791
5249
5766
8386
-328
-8777
-1371
8579
5523
4928
2327
3023
275
-1692
819
6365
4247
274
4186
1317
3941
-1892
-722
-6438
-9698
-6282
214
-2823
-2550
-10823
-2604
-1378
5739
1273
1870
-3693
-2735
-1919
6196
6586
5548
44
-8614
-5791
-2661
-2190
5106
1333
1866
2653
46
2574
-402
4155
3139
3034
-756
7668
4522
3075
-9608
-9442
-2819
527
-1041
2088
-5065
-2210
-5279
4313
3074
-268
-4913
-2868
-851
327
-215
6987
5487
-5358
-510
2997
5779
1754
-2263
1097
2170
-2594
4009
1839
4789
-600
-326
2394
5491
4369
7168
-1501
-6794
-9067
-3296
-2048
-678
-8899
-5123
-4716
-849
-3945
-1020
277
-643
3655
3794
4655
1751
-2442
-8145
-4740
-3929
2962
3554
2438
-1535
-1736
1486
8035
4176
8617
5812
5873
1103
672
4305
5428
-3223
-8208
-8669
-6085
-8030
-3036
-1487
-1390
649
2199
2697
-3164
-8731
-5917
48
-298
4895
6330
6384
-3087
-7598
614
10307
7309
8183
2915
4040
-559
-209
1279
4793
1386
2382
2739
1092
-1149
-2824
1717
-772
-1974
-1136
-3789
-4117
-10162
-11404
-3500
-2774
1165
-1096
-1514
-1057
-1601
-819
8619
6390
7172
-1453
-6743
-3566
-1816
309
4628
-947
545
654
2616
1936
-2130
3556
7886
8770
6132
4002
-1249
-5603
-11429
-6751
-3779
-5450
-3969
-2323
-4291
-2269
-5214
6687
2177
-152
-1979
-767
-210
1759
3159
8794
1749
-6446
-1702
3816
4928
917
-82
6151
5500
4127
2945
-2076
-246
-2922
3774
3452
3678
-973
-703
-3180
-3257
-5186
254
-889
-2046
-5847
-2705
-3029
533
-4566
-2490
-1799
-580
439
3917
3732
1230
-3422
-5896
-2427
1576
3776
94
-3196
-5002
412
2539
5449
-303
4174
4459
7136
-620
6157
5248
1781
-3307
-4858
-3442
-800
-7468
-3938
-4948
-1872
-1998
2662
87
-4595
-8302
-363
2773
6327
7935
4700
1807
-8455
-6300
2206
8432
3620
2221
1419
7340
-435
2303
483
3005
4707
8472
2515
5968
-1217
-591
-2482
-5585
-6069
280
-1558
-3138
-12385
-7101
-201
2934
3107
-4892
-6662
-4211
-3807
1743
7372
2895
1251
-5501
-3547
-3641
87
2457
2584
524
8049
3476
7637
-918
-520
4794
7985
1186
3959
3369
1904
-7933
-10463
-5543
-168
1527
-1353
-8330
-9750
-7424
-1765
4698
-3218
-5635
-1381
3017
1962
2490
4933
6780
322
2512
1763
9053
4089
-110
-977
7166
2143
4081
-365
-1842
-1151
1802
4991
6096
6951
4062
-3603
-7818
-12464
-7657
324
-485
-4924
-7756
-2200
-1430
-188
-4794
-3469
-944
5741
3144
5675
4073
-1329
-4605
-3007
-5174
1612
1106
-26
-4439
-954
3810
8003
7338
3179
2224
3898
814
-2512
3955
2662
-2172
-5303
-5822
-4870
-3316
-4898
-1542
-5611
343
175
3649
-1010
-9442
-5777
3968
1938
3754
5090
2515
-734
-6169
-2309
8708
9898
6954
-7
40
1573
-2760
1057
206
1552
4177
7185
3068
5075
-436
648
-2026
-1637
-2692
-191
-2235
-5748
-9428
-189
-20
1265
-2284
-8097
-4189
-1364
-985
4746
6661
3997
-127
-7673
-7729
-8200
38
2041
-505
-1578
7054
4702
6380
-2259
1979
6307
9357
4915
7451
3790
-2893
-9083
-4467
-3568
-748
-5010
-6281
-6535
-4816
-3697
1791
1085
-4704
-2080
-615
1453
-2164
1950
4664
3680
-2915
216
1635
10978
3167
2029
954
7847
5068
6233
-744
-48
-520
5722
4342
5867
2328
-1410
-4202
-4637
-9335
-1370
-915
-3946
-4062
-5504
525
-2001
-4822
-9136
-3493
346
3835
1163
5406
498
-2845
-5136
-3237
-2684
7420
1267
2437
-5308
2895
4999
8254
1697
-596
1909
6972
754
3805
6445
1024
-1558
-5572
-8329
-4335
-6552
-8455
-4445
-6073
1670
1721
2621
-8169
-10006
-1343
4957
4614
9570
6754
5083
-2662
-4398
-1363
11419
6067
4255
-1633
4206
777
1379
1220
-903
4519
7999
3436
3004
-361
-3591
-1966
-2417
-4856
-1807
1057
-5083
-7642
-9982
706
2765
8600
-2214
-4696
-1759
-957
432
5189
3681
-845
-6170
-7225
-9618
-1138
3413
2038
202
4451
3554
5081
-400
-6105
1548
7437
6215
5466
6150
1624
-5549
-7554
-5777
-3943
3747
-1786
-2512
-6646
-6558
-2769
4705
-2342
-8704
-6163
-1465
-34
427
7248
6030
3186
899
-3894
4122
6495
-2317
-1157
4255
6982
5601
1975
-2279
-488
1856
6670
6687
9517
5678
-1264
-823
-6736
-8604
1167
-1562
-4389
-7965
-7257
-2229
284
-1311
-2956
1410
4661
1058
-642
4263
-4680
-6191
-5822
-7679
-1699
5398
-129
-274
-3864
4797
8064
7353
2376
503
6624
5512
-1
5013
5735
-1247
-4022
-8364
-8455
-3093
-5376
-3469
-1406
-1802
-212
-2608
-1130
-11658
-8040
-1489
1593
1231
8180
4927
4758
-2255
-3808
2741
13033
7429
4071
2268
6825
3210
2085
209
-1373
3988
3382
2044
3606
2703
447
435
-1609
-6020
-4806
-1157
-8356
-9153
-8531
-1088
214
1744
-6905
-147
2002
804
271
5402
5157
1466
-4913
-6098
-9409
1171
-66
16
7
3336
3884
4343
-471
-2140
6771
8244
7571
2739
4712
-1193
-7020
-6884
-8005
-3449
1463
-6169
-2267
-5377
-3705
-249
1936
-4912
-2795
-398
4123
-1670
-781
4110
5029
2486
-909
-4485
8082
3550
-922
2401
7099
8926
2755
-954
-2767
-423
1382
3256
3489
7993
2807
1025
-787
-10128
-6382
1880
-2022
685
-5574
-729
845
-2061
-7275
-3953
2769
5578
716
1846
2040
-4327
-2763
-3251
-5399
1303
-1917
-3053
-3607
-915
4590
6084
4851
355
3598
6853
2877
975
6768
3704
3836
-902
-6870
-4475
-2823
-7274
-3750
-4190
-2312
-1501
-1156
-5768
-12277
-3660
3180
5340
4449
1191
126
310
-3398
-5424
5528
9816
2685
911
5031
5092
2182
1245
480
8551
9998
3304
5103
4288
641
1073
505
-3757
-7497
-4295
-4819
-7187
-6083
-1992
2613
4702
-5124
-9795
-2023
-938
-98
1936
5685
1609
-1587
-3981
-8786
-5631
2458
-2421
2212
6038
2563
7894
3089
-2952
552
7134
4921
3741
1468
2818
-598
-4202
-5124
-5544
2262
-2993
-10186
-5288
-6005
-4771
-1824
-3049
-6502
-1867
99
870
-1011
3572
3038
5662
6116
-3409
1987
10261
-334
-166
3694
4825
6250
-1086
-1593
688
4945
5236
6265
7565
6880
-2968
-1198
-5383
-10954
-4015
-2024
-5363
-3465
-3952
-107
-16
-3390
-6737
733
8936
2571
-1012
4179
888
299
-2461
-8927
-5871
1043
-4064
-2937
-1810
1680
6467
5557
4554
-2220
4598
3959
1613
722
4561
1881
1390
-4184
-7502
-3422
-3207
-7416
-3773
2879
2097
-2188
-1669
-9770
-4938
1403
-307
-31
1346
1456
5748
2154
-5114
-2511
8774
9338
34
-963
4183
2966
-639
-1482
403
9621
6893
5590
4216
4628
233
1246
3070
-2583
-5481
-263
-5507
-7638
-4175
-2763
1278
-47
-9554
-1709
4090
242
-913
-939
5499
3856
-2482
-6646
-10395
-3359
-976
-3541
1316
5158
3502
3916
-192
-2811
5897
10096
11572
4217
4628
1622
-212
-1903
-8450
-5598
-688
-6808
-6758
-2838
-4031
-2300
-3966
-5815
-2558
-2399
-535
-1660
-4093
471
2798
8005
2921
-4387
2160
5144
-1815
-31
7115
11746
7843
-684
-1849
4348
7929
4784
2729
7297
2854
766
864
-8178
-7316
-4219
-1891
-203
-4636
-4753
-1573
-3948
-7036
-3538
5369
6956
854
-2489
407
-2669
549
-2295
-41
3332
1223
-4076
-4214
2596
3203
2756
1390
-3358
795
6974
5418
3203
2173
3153
8026
1610
-9093
-8719
-7459
-5306
-7092
-3131
1773
-98
-4387
-7276
-9593
-1150
917
3778
6168
4046
1136
3749
635
-1929
671
5912
-569
-4213
2858
6157
4448
85
-3413
7643
10473
2582
2746
-8
2463
3691
3119
-1120
-5586
-7232
-3671
-6784
-5234
-1742
1333
5682
-1259
-7724
2005
4109
1610
-2577
-257
-148
-1162
-5538
-6466
-2720
2777
-2997
-1392
4991
2430
2341
-1942
-5534
-197
5299
7109
7784
926
2790
2443
2100
-3614
-8141
160
2166
-5672
-6092
-2425
-685
-3502
-6659
-9614
-2501
-710
-878
-1092
1839
1675
6591
7846
-2677
-1920
3216
-289
-2832
-650
6206
9476
2017
-2911
639
7419
6785
4634
6602
13003
5014
4707
-936
-7319
-6728
-4606
-4053
-5451
-3985
-1318
941
-1499
-8206
-740
9906
4353
-1948
-4106
-3877
599
-1735
-8083
-2308
908
453
-1725
-1042
5331
3531
3042
4851
27
5040
4709
2668
-22
2523
2109
4704
-1753
-9745
-6302
-3531
-3204
-7503
421
1354
-2830
-7098
-14001
-6370
1007
-1133
1968
190
1441
4812
5561
39
-2429
1453
11388
4874
179
4122
1667
564
-1879
-2662
8722
7459
2431
1084
4018
4872
4326
3430
-2158
-6258
-7451
-6908
-8649
-4158
-3210
2904
1863
-4822
-4552
4333
3148
461
-4215
5662
6393
2316
-4619
-8734
-4894
-401
-2475
1454
6554
1623
350
-1603
-1760
3491
6556
7907
2351
-1695
-467
1756
2939
-6671
-5039
-1199
-1043
-7198
-4933
-2081
489
-6302
-3898
-598
3371
1354
-3446
-4861
684
1014
7104
4691
-2527
-1593
1539
1186
677
3822
7349
3876
-3805
-4435
1348
8072
4598
3045
5233
7442
4548
3733
-3873
-4685
-6065
-1167
2047
-1051
-1377
-936
-4623
-2602
-6329
4155
7209
-1149
-7194
-4447
497
4497
-2894
-4222
-396
-2858
-5174
-6221
1824
6243
2931
1647
1227
1427
5273
2375
3093
-618
1727
9171
8636
-257
-6634
-8326
-3393
-5377
-6260
-520
-1023
-7455
-8775
-9488
2441
3440
-1483
390
-2876
117
3373
1689
36
551
3721
5119
-550
-402
3788
3801
674
-3869
4776
13728
8151
4021
-670
3383
5581
3702
1392
-5357
-7464
-7254
-5033
-2159
-1087
-2080
1530
-2363
-6482
-164
4399
1559
-4436
-6345
2362
5617
-199
-6121
-4680
208
-1749
-299
5323
7363
4783
756
-1843
1131
4571
5484
3748
-1017
-2700
1349
4996
3498
-7859
-2283
-2998
-4688
-6609
-6451
-2859
-4091
-8752
-4910
71
4259
-1030
-5424
-3005
1465
6490
12075
4152
-81
1261
388
1492
-2217
1315
4225
2702
-4392
-2383
4578
9108
2774
3199
4753
5927
5101
343
-6708
-5693
-7514
-1574
-360
-357
-1434
-3774
-3295
-1338
-262
12969
9699
-1168
-5247
-6406
2438
1823
-4609
-2613
244
-3374
-2934
-3524
4140
1721
1198
2563
2731
3337
3892
249
-465
-4277
2458
7334
6071
-5685
-9615
-7658
-1423
-4622
573
3310
-2054
-7031
-10761
-5072
4445
129
-3750
-2582
-2903
3923
3905
3250
1181
1102
3066
4280
-442
1952
-832
527
-2132
655
8293
10998
3906
-1537
-1848
6491
7566
9112
4673
-3911
-5618
-7810
-5202
-1464
-3221
-2148
-2198
-4189
-2997
2883
4624
356
-6831
-4050
4310
832
-2712
-8688
-2826
-1955
-1151
542
5904
3945
-2084
-5668
17
7298
11823
11759
4082
-1609
-955
1895
6469
-1606
-8385
-4994
-6650
-4979
-5261
-3681
-1104
-7955
-7369
-2290
1637
2691
-4791
-8429
-2851
3674
7991
8536
1368
680
-2782
-15
2398
4160
10627
6074
-1586
-3960
1342
10195
6736
-1704
-1504
2360
6040
5236
300
-4676
-4993
-7635
-153
-2637
-1416
-2692
-6894
-2069
-2422
4012
9956
3826
-7582
-8853
-1740
5591
2356
631
3049
551
-1148
-2513
1491
7179
-1286
-2822
-4179
2281
8162
6477
3793
-1112
-1745
6929
7252
2430
-6958
-10154
-8031
-5094
-6532
443
1365
-8077
-10156
-10346
744
4954
3778
-834
-1663
1196
4750
5338
3379
-667
-1058
-1661
1153
-288
3327
1465
1053
-5532
2619
9150
8387
4254
-6815
-1704
5814
5060
7244
-1095
-5178
-7370
-7387
-4159
644
2640
2059
547
-2503
2749
4964
5210
-6496
-9623
-4283
3708
3256
-1375
-4174
-401
-4530
1780
3262
6937
2918
-4841
-6734
958
3713
8378
8932
24
329
664
3026
7137
-1605
-1676
-1277
-5789
-5262
-6940
-1952
-6002
-10662
-9860
-974
3581
2354
-7122
-6975
-2313
5943
10315
6280
1805
-1852
-5843
1991
-952
5453
6532
1339
-1700
-1657
2082
8279
7238
4018
6943
6031
5068
2708
-1768
-5122
-6757
-8399
-2742
-2105
669
-4684
-5585
-3591
1058
9615
9215
-2658
-11329
-10789
2065
2778
1847
1156
183
-3546
-1456
-3463
5333
6395
1487
4050
1695
4038
3812
2196
440
-1504
1900
5195
6148
983
-7925
-7076
-8749
-6370
-3479
731
-4666
-10859
-13657
-5274
2433
3998
-115
-6841
-4181
4444
3463
6251
4449
3390
5547
5676
2195
3002
1916
585
-1896
-3160
4424
7820
5854
61
-2979
4766
6076
5668
5066
-5356
-5752
-12438
-6893
-1646
1468
1042
-3846
-4546
-301
2092
5643
4236
-6904
-3598
5091
3485
3450
-4722
-2276
-987
-2100
-1080
2485
5499
863
-3298
-2519
2970
5453
7891
2529
-3638
-779
2879
8380
6841
-3474
-4876
-8496
-5459
-6685
-4809
-1234
-8725
-7795
-1071
3032
5216
-1409
-9979
-5589
111
4200
6838
3491
1116
-1001
-736
1670
1461
7497
4366
-1020
-4443
-3615
5604
8536
5081
-2094
899
6815
6006
2975
-4342
-6724
-6655
681
876
2502
459
-6937
-4470
-3606
1926
6131
3846
-6371
-8685
-4301
2322
1707
1842
168
-690
-1093
-2083
225
7832
4292
-24
-2063
1020
5690
4334
4469
-1829
-1068
8506
11604
11702
2176
-9907
-7600
-7690
-5779
-4284
-3139
-8178
-10626
-11187
-2101
2151
3222
-3660
-6234
-788
2606
1367
6349
2152
1673
667
3096
3570
4658
3448
552
-2077
2548
9271
8630
9788
-3105
-2395
2643
4656
5592
731
-8392
-7368
-10854
-3235
12
683
-1365
-2697
-2675
-135
-115
5539
-2246
-8263
-4075
2805
1618
744
-4293
-941
-264
4421
8433
9091
8325
-2887
-6101
-2552
3669
4381
5487
-1293
-1655
-1488
2959
6007
4849
-3895
-1737
-7787
-3361
-8891
-4318
-6386
-9430
-8840
-4285
940
2861
-5129
-7942
-3099
6232
9604
9042
5908
189
-2818
412
3114
4904
6804
-305
-169
-3508
11
4291
5619
2442
2795
3264
7083
-513
315
-6972
-3794
-7736
-3543
-2743
1280
-4016
-6038
-2622
1907
9224
9071
2272
-7006
-11184
-2146
1225
2197
252
-4655
-858
-202
702
4325
8584
846
1269
-2457
3025
3192
1709
1245
173
2965
7221
3926
6203
-5839
-4971
-4369
-303
912
654
-3343
-7727
-12380
-9823
-1822
962
-1353
-9400
-6816
1946
2275
3161
5386
-2039
2194
1324
4936
4436
4185
1139
753
-873
1384
3810
4560
1697
-3928
2077
9834
8334
7670
-3901
-4239
-6953
-7256
-3079
-2995
-863
-5130
-4172
-1020
1627
3049
3774
-8042
-6983
-623
2689
2452
-241
-5481
-1300
1631
4968
5516
7713
3400
-3058
-2871
1609
7941
8043
5816
1844
1910
2708
4584
3992
-1277
-8679
-6443
-2431
-9
-6294
-4743
-10729
-8586
-6340
-3442
2242
-735
-11057
-8325
-837
6898
4610
5257
351
-2264
-524
5168
9292
11890
8915
2453
2569
-3670
2207
1577
4370
-1216
-759
5325
8688
1529
-1511
-11121
-6537
-3299
1028
1222
-761
-9648
-5983
-1099
3069
6016
4680
-3509
-9214
-8763
1324
4475
6652
2915
-944
4159
987
3542
3573
4605
-2090
-1817
-2233
5276
571
1618
-1935
298
5424
8989
5487
5543
-11878
-9090
-6104
1675
1575
-2893
-9135
-10922
-10549
-6095
3304
5146
-35
-7491
-2620
2877
2499
2409
1831
-2234
1137
1538
8582
5141
5168
-1194
745
789
5501
2712
6786
-2452
-2172
528
7111
4825
4259
-8582
-7729
-10617
-5424
2379
2318
797
-5328
-1622
-2
2531
945
-2545
-9203
-7570
-3493
2935
1031
-1094
-7327
85
3866
10050
4554
8332
-1537
-3540
-2935
3837
7046
5651
-184
1364
16
4726
7305
10992
2620
-3298
-5676
-1766
-1385
-5964
-6964
-10867
-7754
-8733
470
2016
-3688
-12680
-7711
-1677
8244
2383
6165
-1557
-2678
-414
6840
8089
9226
887
1716
1
-2218
3766
7189
6743
5345
1314
6731
4765
567
-5896
-8648
-6369
-6224
88
-1139
-2955
-8736
-5085
-3488
6658
5453
2810
-5767
-9773
-7370
2074
1755
5185
-3641
-1184
2584
2141
5581
8748
5946
5213
549
55
6294
973
-711
-247
793
3347
7420
7166
2718
-9304
-8667
-5473
2635
-3081
-7724
-8068
-7443
-7152
-2765
1617
2829
-7629
-8677
-4178
1244
505
5738
3493
5922
4804
3081
9739
5504
2074
-718
31
-1679
3479
3213
4586
-1424
-2160
356
8457
5569
-330
-8452
-6941
-6785
-1377
-2499
-2990
-4874
-4709
730
191
159
2077
-2105
-878
-1837
-322
4823
1505
-2867
-4890
1287
1699
6964
5883
6898
-994
-3935
-4223
4697
6314
3722
1501
2806
-237
7093
5696
8032
-2102
-7626
-4210
-1532
-6279
-10411
-9211
-4548
3343
-1927
2951
-6
-8208
-10000
-7081
-1767
3813
1373
3405
-1518
-1466
-1721
6396
9446
8928
2547
2157
-2200
1700
2189
4934
3812
1693
1171
8133
2093
1157
-4980
-5699
1402
-437
1750
-3059
-8398
-9390
-1625
-608
5054
-473
-3170
-5561
-8862
-8343
2327
3583
6440
-2395
486
90
4169
3671
6794
5680
826
-2171
2077
1134
-539
701
4450
10412
11305
8383
8258
-2365
-9175
-6759
-5038
-283
-9442
-10713
-9826
-7241
-8720
1373
2247
3278
-5984
-6699
-4577
3376
494
4218
1815
310
-1197
4249
6662
5478
4131
2740
7223
5985
3062
3813
1415
356
229
2277
6898
2624
-4349
-7445
-8394
-9564
-2510
-5481
-144
-3209
-3803
-2996
1873
-483
80
-5317
-6782
-9048
1888
2003
2562
-1452
-883
5247
9313
7198
7681
4601
-512
-351
-2651
3069
542
-574
3821
4677
2002
9013
5563
6970
-360
-6790
-4807
-1975
-8620
-8827
-8437
-5988
-6617
-2622
-310
1533
-4222
-5035
-4215
8172
6771
5197
1555
-3105
-1824
-1915
4618
7219
4662
3444
3157
-3480
532
-2377
3701
8134
3401
1616
7766
2099
763
-5510
-7814
-6126
-3674
-5451
-4706
-4434
-2819
-7
5307
4435
2986
-1131
-6781
-10552
-5637
1075
3947
397
-922
2731
-997
1924
1596
4340
8512
3449
-1509
3756
-3041
115
3891
5407
4069
9184
6939
7672
-2140
-7748
-5292
1501
3
-7323
-7171
-9036
-5553
-7388
-5667
-1486
-1963
-3532
-2514
-3352
2079
497
102
4311
3746
-1407
4219
2401
5678
7162
4230
1394
2689
-2662
2767
3984
3803
3158
9068
10856
7214
-1694
-8807
-8064
-7030
-6855
-6240
-4288
-4930
2493
-1327
-1828
-5438
-5785
-1232
-442
-6794
2505
-1599
858
1283
-176
1552
4965
404
5216
4825
1522
1160
1681
3553
5773
5301
5145
4155
4035
6187
8367
3130
-5188
-5055
-5288
-6498
-11889
-11611
-7774
2659
-4235
-1359
-8008
-4527
-3358
-2755
-1812
7321
21
1697
1405
-934
728
1366
6316
12192
7750
4210
1988
-1801
-4507
-2244
3844
3770
4574
2457
4817
2496
-3161
-8800
-2927
-3991
-2822
-8731
-6867
-4576
-116
-1036
3623
-6103
-2765
-4863
-5195
-4378
2440
2999
7685
3416
1647
2675
336
220
3119
5637
2850
3321
-269
-2527
-4872
2286
2171
11516
8476
10913
8470
3316
-2648
-4856
-5336
-1764
-10656
-10711
-8515
-4478
-2830
-573
-6932
3683
-1168
-2995
-2767
1302
2438
1897
1156
-564
1536
-417
1155
2893
6093
394
6147
4186
1146
-3556
2655
3746
7886
2113
8760
5452
882
-5369
-7966
-4032
-890
-8360
-1170
-10
-699
2090
-1741
-7211
-3222
-4730
-5944
-5230
-2167
2186
675
-585
-4798
509
5114
3954
3267
6313
2772
4474
-2105
-561
-5255
1606
3284
8789
7560
11606
7622
10790
4965
-4027
-1566
-3748
-10177
-12705
-12155
-7512
807
-2747
-7275
-6981
-3534
-7052
-6016
1572
7788
5175
4800
-450
1150
-911
1233
3592
8401
4117
3948
-618
825
-5649
3867
9793
8532
7846
5329
3567
2218
-5585
-9527
-3553
-3048
-5600
-10181
-6287
-5917
-527
291
-626
-5644
838
-5375
-3247
-4509
-586
2051
4329
176
-799
-845
2430
2941
6455
9777
7770
3494
-965
-8787
-2551
2036
3603
10399
10141
11006
7041
114
-6527
-6730
-2954
-1239
-10418
-7474
-9646
-859
-3225
-6024
-8756
1077
-3980
-2303
-3634
1654
3718
3671
8077
7270
4841
2521
414
5208
4029
882
2818
-94
-4965
-4720
2711
2847
6195
3497
10900
6119
936
-6875
-5748
-2657
-5376
-9972
-4614
-6284
1335
-1989
-4287
-7674
-1798
-1284
2062
-472
1369
-564
-681
701
-2789
1958
1179
766
2053
3662
1442
2605
-3767
-1641
-3728
5397
5296
11558
9887
10559
8613
6406
-2171
-3410
-2570
-5494
-9266
-8767
-6774
3484
845
-2986
-10006
-4163
-2721
-6387
-3279
1527
2742
-278
737
-1582
4149
182
4714
7474
7533
4265
4149
187
-2876
-10287
2067
3032
9002
5926
4655
5939
3647
-4251
-1224
1314
-1406
-7446
-10420
-5481
-2864
-1950
-3616
-7902
-4683
-3007
-8395
-2966
-2645
2812
3976
2372
166
3914
3192
2956
-1825
2299
2886
5459
-70
-3700
-8765
3423
3965
13283
15764
12312
11998
6001
1561
-5241
-5677
-5162
-7437
-11989
-8831
-7835
-1103
-6676
-10500
-3837
1540
-2379
458
385
5298
210
-336
-1469
2224
4534
4565
3497
8758
4443
7333
5980
-145
-6267
-2861
1932
4781
4469
3208
7848
3342
-698
-9428
-5523
-4052
-6810
-7854
-2039
-2167
4399
-3111
-4764
-7666
-3184
-6972
-3029
-778
2193
872
3687
1068
691
7412
4869
4225
2724
464
3755
-1876
-6121
-7562
-3525
5367
5334
8538
7978
9547
9020
9213
-2352
-631
-3274
-4496
-11916
-12172
-10518
858
-2631
-5997
-10734
-593
-2035
-1440
5304
6826
5037
2284
-438
-623
280
-1395
4514
7878
8307
5250
-1017
-3217
-7848
-7254
7543
4829
8692
4667
7546
7391
1458
-9232
-5202
-2515
-2674
-10153
-6457
-2733
2154
1641
136
-6752
-1310
-6389
-4313
-1861
-3639
-661
1242
4476
-74
-2286
-2125
768
298
7733
6635
2462
-2964
-6337
-5186
4468
2820
8915
10011
12070
10191
7592
1389
-3392
-685
1095
-8207
-8929
-9751
-2083
-1674
-9141
-12426
-3993
-1337
-1609
-2874
-180
3620
-1681
4532
4235
2754
2266
2131
6583
10994
6083
1697
-1473
-3493
-7559
-569
3924
6810
5497
8519
8839
6297
-3192
-8758
-3046
-5976
-11147
-11290
-4750
2081
-1518
-9192
-8597
-7766
-2728
-90
-1951
1647
1359
252
5182
-156
-1607
359
1149
992
3549
6881
6728
-3018
-4188
-4398
3389
6297
6714
11572
9235
8150
5810
2924
-1506
-2872
-7562
-7148
-14584
-9723
802
1446
-4825
-7866
-7015
2646
-1816
-6078
-595
3503
2808
2473
1540
3488
2210
3366
7617
9662
10438
5834
2031
-2832
-9698
-6881
2196
6385
6513
414
5183
2511
-3209
-2957
-446
-780
-2452
-12625
-1920
1526
-121
-7598
-7202
-6172
-536
-3418
-966
551
1843
5678
4933
3911
-1142
929
2014
-592
-3139
2649
7144
2282
-8456
-10348
-6151
1211
8247
13310
11681
15141
7108
6808
267
-5779
-7226
-7040
-12680
-6927
-4987
3462
-3220
-9789
-5674
2496
2175
-593
-2162
3136
2320
-2488
-284
906
4837
1297
1786
4306
4641
6178
7543
1869
837
-6714
2126
6957
4962
-950
3773
4117
3268
-7192
-5229
-120
-4428
-9633
-3069
1253
5688
-6411
-8914
-8469
-6266
-6743
-3200
547
1433
-980
-1194
472
-2991
3127
2081
6719
2004
3077
7467
3067
-7489
-7955
-8347
3173
5042
9342
12448
11557
10099
12545
2510
-601
-5798
-6570
-10644
-12364
-8756
681
-385
-7638
-12412
-5603
-1143
-2496
1318
5196
8107
2954
44
2179
4384
-824
1670
2295
9196
7937
2708
1776
-847
-5752
5337
5941
9208
3229
1077
3894
2603
-8382
-8991
-3823
-3013
-11139
-12211
-3196
918
205
-5803
-5166
-1208
-4207
-1128
698
-109
749
-2356
2584
888
-1556
1863
3784
-492
8501
9610
7388
-799
-10796
-7464
668
1046
4567
7966
10752
9330
5567
1960
-3593
-4997
-3975
-6814
-8575
-6174
-722
4041
-7115
-12817
-9804
-1152
2213
-2376
3086
9374
976
3044
2366
4371
7065
-256
2162
8913
6382
2307
138
-4078
-4245
-4344
4803
7366
3422
3550
6922
7627
953
-8386
-2942
-4200
-9977
-16309
-4475
3326
1707
-6441
-6224
-6468
-1782
1073
350
5407
1851
-1250
2323
-1830
-4454
-426
-804
1750
-1707
5112
7785
355
-8077
-6697
-497
10663
7097
9494
8444
8394
5324
4012
-1158
-1167
-5197
-4292
-12551
-7204
962
3403
1185
-9203
-11412
-1371
-957
-4573
-2058
3006
5539
-977
-2847
297
4111
598
6090
7544
16001
7985
4942
-1565
-7719
-9873
1161
8345
10171
1846
6020
5788
2642
-4983
-3554
632
-2927
-16937
-8445
-286
-784
-4697
-12072
-6655
-3742
-6346
-1794
-62
1287
5345
1201
6771
-1045
1424
-262
931
-4767
3436
6076
6855
-4121
-8925
-5066
4195
10026
12445
11748
13715
4365
6027
-1628
-5738
-5435
-8777
-10562
-10256
-7991
-1086
991
-10797
-7469
-2652
4511
4135
-1954
4102
6674
-3200
-1077
-3640
7852
3026
3167
5794
12946
10504
7661
3203
-629
-8281
-3923
4669
6635
2817
2539
4232
5423
-9490
-10525
-2065
-6880
-8713
-12640
683
5912
-1001
-8220
-8598
-7015
-5733
-3422
-211
3961
3756
910
4611
-2060
5114
1545
5077
293
750
6036
2285
-3211
-10746
-8220
1793
2705
4597
9951
10654
10573
8019
711
724
-1048
-6589
-6492
-14631
-7980
-4500
427
-2971
-11505
-5747
2511
3504
1344
2319
9021
4830
-2875
-4335
2853
3089
-250
1936
9023
10096
1151
3258
-3516
-5250
-1016
2784
10862
7560
4485
9751
6037
-5317
-12977
-4555
-764
-7332
-14785
-2691
1772
2363
-4304
-8979
-1264
-5778
-2953
-2349
-855
2255
110
1175
-1579
-5568
2063
787
1532
3759
6794
7246
5343
-8840
-6460
-735
3173
4629
5037
11731
13973
9197
4218
-4993
-1730
-1399
-6659
-7682
-8934
-4581
-410
-4024
-14158
-10480
-3516
3257
-3809
-2035
5376
5548
1943
-2234
-134
13515
3231
6232
7389
8775
3788
1638
-100
-2010
-4670
3067
8576
6146
6467
6743
13104
5194
-10935
-7015
-3324
-9670
-15132
-12459
304
-3115
-7750
-12892
-8019
-2573
-623
-2397
5567
5095
4980
2215
-2706
-7902
-282
-107
6093
1291
5082
7164
4308
-693
-9056
-3230
8206
7273
7348
7977
7457
9981
4831
-3197
-6461
-8115
-9144
-8978
-9361
-554
-1503
5132
-6138
-10610
-2774
354
-2338
-4303
2267
11011
3239
-2508
-3266
6868
8140
6159
6697
13862
7104
3071
788
-7357
-7510
-3275
5093
7371
386
6
7476
6331
-1263
-6853
399
-1190
-10334
-10424
-3146
-4039
-5438
-12842
-8449
-2734
-3134
-98
-521
5948
9455
3853
4388
-5056
-1733
1705
-649
-238
1602
3974
5383
-3500
-12897
-8529
-547
10530
11029
10403
14313
11292
9489
-495
-7498
-6870
-10656
-10290
-7880
-6052
-2097
1321
-3247
-5993
-4527
1166
2833
-4145
2018
6302
4193
-1836
-7427
2199
4289
-219
4495
9344
12093
10129
3753
1583
-4235
-2026
6110
6670
2727
-617
4207
10198
-2382
-7766
-1212
-179
-4216
-10884
-6436
1112
-3904
-8727
-12862
-8702
-6594
-4601
-3403
1780
1703
4136
911
-2682
983
2357
5449
3620
3921
6968
5575
-1911
-10190
-11792
265
6529
8005
9494
11190
15484
15465
1367
-2701
-6109
-5727
-9994
-14444
-11721
-6964
-2662
-3145
-12380
-9299
-3319
1491
2021
1020
7274
11192
1622
-1019
-886
3210
1468
-290
8753
10710
8769
5999
550
-2967
437
2380
9866
4934
1509
4885
8932
-1477
-10990
-10009
-951
-5384
-12588
-10649
-4662
2465
-3605
-9766
-3920
-4167
-891
-2871
-2805
2041
2854
1334
1651
-2215
1972
3000
1394
8639
5529
7733
4818
-6385
-8948
-5609
1004
6514
3220
5878
9841
14060
5304
-5324
-5606
-2549
-4507
-5604
-9559
-7352
-619
-4021
-9585
-11967
-5919
3487
587
-1504
3947
8189
9089
1993
-23
7511
3967
2688
6076
6169
6963
4056
-1587
-3197
-5348
-851
6172
6806
6248
5642
15239
8080
-4450
-6988
-6697
-4520
-10728
-11095
-4178
-636
-4483
-7584
-9673
-1820
417
-2834
-703
-407
4220
5210
-2346
-4185
-3290
-2618
376
809
2137
3670
4881
-619
-4758
-3363
4225
8577
9177
4949
5333
11801
7722
667
-3725
-7603
-3712
-8988
-6915
-2679
-3045
-241
-7500
-10910
-4032
-2214
-896
-4577
-3830
4904
6188
-1875
-1263
2399
7094
8660
7348
12802
8805
9701
230
-3342
-4879
-4348
4493
8374
3759
4079
8806
10670
4592
-4596
-6270
-3329
-11076
-9980
-7048
-3781
-2690
-13911
-13149
-6340
-5564
-2746
-5217
-1239
7446
8212
4713
1508
-232
-707
984
-723
1181
1344
7264
-547
-4611
-5312
-682
11984
11774
7471
7924
8842
12825
1374
-4640
-7362
-9491
-12560
-12233
-9628
-4346
-244
-8975
-6801
-4289
1013
4728
-1442
-1946
2552
5233
-1393
-2188
2924
3765
8340
7267
9381
11000
12467
3980
362
-5688
-3683
4035
5244
3876
-2005
866
10564
297
-4302
-6236
-6730
-2580
-9136
-6800
179
2948
-6504
-11502
-9806
-6929
-2998
-4704
-3816
3237
7824
2067
2208
5153
342
4665
207
2805
3526
2955
1310
-7486
-11065
-4514
3050
8608
9283
3457
10522
18269
6337
2588
-3947
-6738
-4205
-12920
-12856
-8838
-913
-4400
-7852
-7519
-4518
2463
3690
-1776
2942
6984
2166
-500
-558
2077
4343
1435
6546
6775
6946
8627
-3013
-3176
158
2183
12395
10701
1840
3934
7830
2349
-3012
-6908
-7219
-463
-8254
-8659
-6435
2929
-1122
-7348
-6365
-5803
-2786
-5438
-6229
-1259
1464
745
-3869
-2105
532
193
2436
7501
5283
7471
9179
-4558
-5899
-7752
-1943
8302
7540
4017
7677
13592
10529
-92
-2363
-6326
-2414
-6700
-9349
-9209
-4075
-5400
-9480
-11213
-8126
-4836
-3625
-3632
-562
5056
9614
1710
4209
8087
3848
9235
6088
5828
8448
9696
-800
-2041
-3938
619
7982
10352
7973
5009
8946
8473
-1833
-3778
-10602
-4040
-8459
-11507
-11516
-6494
-4290
-9686
-10550
-997
-132
113
-1190
-2454
5328
4814
-6331
-2776
-1321
-4025
3954
2787
6226
5073
7602
1584
-3526
-6273
-114
6700
9876
4397
3769
8835
10137
-2315
-6120
-11198
-6026
-6962
-6537
-4269
-536
3084
-8903
-9190
-3911
-6441
-1482
-5574
-6320
4164
7181
1174
3500
5244
5828
11447
6660
12073
7161
10656
3124
-3655
-6151
-3816
757
5219
2966
1786
6757
12145
3766
-418
-5021
-4339
-1671
-6204
-11311
-6868
-2111
-13025
-12378
-6609
-2001
4024
-2261
-2160
6249
6439
1467
-2320
209
-2519
-1252
-910
4478
766
3917
-1065
-6449
-5851
-2054
7694
13938
11646
6931
10671
16624
1404
-5471
-9652
-11703
-3778
-8361
-8211
-2624
3125
-5866
-6140
-7729
-2649
1027
-2395
-5400
-3727
2128
1300
-3020
808
624
3666
6786
9484
9711
14929
10331
606
-1685
-526
1709
5008
5003
-823
4654
10585
3676
-94
-3386
-8151
3549
-4299
-5855
-6204
-562
-6364
-13273
-13545
-6382
-3304
-3823
-5546
-1906
5809
2647
-2202
4205
2584
930
3141
5093
4106
2175
2087
-8052
-6132
-4912
2550
10687
13018
4884
11962
16228
8694
-760
-7410
-11342
-4370
-10659
-10104
-10510
-1638
-5724
-12099
-9852
-5235
-1885
3844
28
566
6060
2910
-845
-492
1743
523
7452
7526
8697
8915
13116
71
1533
425
3569
7740
8160
1681
3849
5076
4898
-3296
-5152
-12634
-6652
-6583
-6335
-7983
2872
1599
-8473
-8709
-6974
-2236
-2724
-6072
-3909
5778
4534
-2863
-2896
3889
-1006
5407
6662
6182
2392
5394
-5441
-2691
-8188
-2410
4549
9525
1981
3576
9681
12077
-1326
-2195
-5795
-3638
-3135
-7641
-6935
-1385
-2832
-12767
-10785
-6428
-3106
-2099
-1638
-2195
6316
9019
2249
-675
4752
-201
9655
6569
7070
4808
9756
-633
-3284
-5534
-186
4548
11422
10298
6480
9221
9917
148
-1571
-9953
-9472
-5166
-7521
-8685
-4320
3003
-6548
-9196
-4374
348
-555
-3979
-8061
4678
8192
-702
-6072
-1627
-5032
-1877
-1111
4789
1892
5654
2746
-1268
-1395
-486
4658
12666
8100
1859
7172
11670
2132
-4228
-7279
-6093
-1737
-5238
-3018
-2887
3811
-9432
-10737
-6448
-5445
-3795
-5654
-8850
-3106
3546
2689
324
1909
3843
8871
11618
11879
7382
12458
6755
-5139
-5710
-4192
4116
7311
8813
5637
8113
10644
7137
-463
-4278
-10402
-5269
-5455
-8444
-9717
-827
-8317
-13275
-10703
-6851
-599
-3460
-3660
2845
10492
6212
-431
1858
1507
-4190
-1286
1445
3021
3118
2424
-5290
-2031
-3730
7586
11923
13157
4167
4854
13166
6588
-5179
-9158
-14069
-8276
-10048
-8710
-5134
2506
-2933
-7095
-4692
-4451
-980
-2603
-1994
-5966
469
-924
794
2140
4399
1558
9599
8306
11877
13289
14153
-452
-4950
-4497
2096
4185
6795
1352
2483
6659
4318
-441
-2234
-9586
-2367
-1052
-1821
-3906
-1156
-18
-11749
-10903
-9703
-2186
-2683
-2829
-4023
7367
3197
1508
4174
8915
27
-1079
-1351
4456
610
2993
-8205
-8520
-9733
-3713
5786
13483
8078
7656
15482
13235
2447
-6115
-9208
-7033
-8725
-10833
-6925
165
1421
-10877
-6258
-5728
-2261
-216
712
-2053
1132
-1740
845
-535
5379
-873
2118
965
4886
6536
15238
3874
-992
-113
2382
8760
8184
7279
4318
5694
4862
-450
-2148
-7292
-8318
-4703
-4916
-4562
748
6576
-6294
-10046
-12049
-3554
-1889
-3830
-6334
-1014
152
-4190
-5333
5777
2770
3396
4013
6788
6537
6646
-2439
-4920
-7139
-6608
1829
8359
10014
6067
10058
14191
4992
-973
-3542
-4791
-5389
-12156
-7088
-1272
4020
-8513
-13332
-11741
-9643
-5471
-3078
-1422
670
5752
4120
4501
7136
1734
6615
4674
3814
3788
9606
7437
-1354
-3013
-345
6465
7690
11727
7758
7726
6468
748
253
-4922
-10032
-9993
-12182
-10238
-6609
3610
-595
-8566
-7098
-4095
3330
1015
-3110
-32
4471
-2959
-4719
-7
1485
760
1008
5234
7230
6456
5726
-1954
-3102
-6403
-1649
6441
9218
4833
3403
8197
1815
-4929
-7354
-6352
-4542
-8478
-4934
1207
8359
-1640
-9883
-8173
-11087
-6285
-7278
-3398
-3355
1026
1425
5812
6262
7159
5270
7434
6742
5100
8602
9290
-2209
-6059
-8187
-1153
3060
6497
8114
6919
9118
6791
5117
3144
-4471
-6869
-8203
-10064
-7444
-1269
833
-7632
-7454
-8850
335
-1470
342
1205
6598
2100
-3182
-658
4199
-2166
-3072
-3797
2179
3668
3855
-1965
-1846
-5443
689
9155
14235
11654
2658
8897
5188
-1865
-6384
-8446
-6055
-9117
-11381
-1581
6012
5320
-5512
-4932
-7850
-6207
-7797
-3407
-4879
-1863
-5674
-2561
780
5151
2440
6358
4156
9073
12207
16400
6520
-4502
-5733
-2576
2899
6039
7131
4050
7344
3634
4094
4816
-2414
-3067
-4658
-8766
-5117
-3163
2862
-6835
-9434
-13351
-6595
-6628
-5032
-4636
4081
3224
743
1750
10740
6258
440
-4176
-784
1705
6720
202
-2681
-4455
-6526
3582
11432
12767
8067
9866
7157
2743
-4843
-6289
-6108
-9353
-15738
-8734
-1874
3473
-7132
-7367
-6349
-4201
-2535
1369
1110
102
-3090
-1702
-874
6315
3250
5579
3488
2176
6754
16687
11474
3213
-2457
-5513
4095
4377
8815
6626
5460
1738
-1942
-3008
-3955
-7899
-7247
-7990
-4409
357
8168
1653
-5233
-9980
-6865
-4473
-3600
-5428
-837
1956
-2362
-1998
7833
8106
4617
273
-2044
2714
5534
2728
1208
-3256
-8905
-3554
2236
9392
5276
5142
8395
4005
-1418
-1120
-1456
-2473
-12502
-9790
-2769
4021
-2400
-8930
-7253
-8406
-6908
-2223
1558
1673
3247
-2218
1449
5514
4861
5639
4462
830
1464
6119
7697
1691
-3786
-5316
1108
4662
13223
11748
9929
6309
1380
-1295
-3037
-6500
-8672
-9754
-9559
-3453
4723
5303
-2410
-3805
-7784
-4612
-1977
-2751
-47
3181
-5510
-5995
-2557
5055
2091
-1834
-2444
2519
5438
7207
5535
3264
-2269
-2239
3065
9018
7241
2943
6675
3772
-2104
-5195
-2786
-2938
-5603
-10238
-2554
5754
1287
-6043
-7095
-11288
-10958
-11872
-5192
-2463
-154
-4898
1139
2822
10621
9839
7762
5247
3686
8586
8499
2623
-3764
-5099
-2075
1370
6108
10188
10221
11139
5436
2804
301
-4060
-7898
-8232
-12861
-6974
-3297
707
-3026
-7242
-10156
-4981
-3847
1918
4518
8532
2529
-3880
-2898
5274
4692
-698
-4197
-1830
4992
4838
1986
2137
172
-509
5371
9678
11272
4810
8255
2273
-1721
-10731
-9867
-7548
-10007
-15272
-4737
4303
7672
2350
-2888
-4614
-8323
-10883
-4646
-3163
164
-4190
-4254
1429
5889
7444
8123
6848
5148
10694
12522
7301
-1356
-4832
-5735
897
890
4431
3415
6564
1409
2235
381
405
165
-4076
-8449
-6797
-1889
3594
-563
-5057
-9583
-9630
-6166
-1875
-1182
6017
6932
-111
794
3156
7636
2040
-2140
-3623
2661
3269
-3557
-3227
-5368
-8407
-64
7573
16634
12841
11971
7930
2496
-7331
-7079
-5744
-9148
-15215
-13775
875
7591
1189
-2807
-3264
-5795
-6597
-4895
-1616
563
-856
-4718
1116
738
2600
2609
2418
556
4250
11374
11281
8788
1296
-3482
1290
1814
10811
7418
6571
3359
-2575
-1284
-872
-1941
-5292
-6415
-8456
1149
4561
2979
-2269
-9186
-8143
-6746
-6649
-7433
-3645
1117
-4512
-2552
353
9153
8764
2802
443
3532
6442
2939
1577
-2226
-6440
-8168
-644
14737
13282
11247
10821
4675
662
-6100
-4496
-4822
-12650
-15151
-2672
3451
-110
-7261
-10525
-7995
-9713
-8607
-1546
2811
5891
-211
2438
2534
5634
6402
3401
2833
-1650
5628
9263
6904
1160
-2966
-796
3022
10033
10390
11435
5296
-1706
-1194
-4419
-4110
-10164
-13607
-12575
-4605
1305
4766
3142
-1383
-2526
-3699
-2318
-3104
-2355
3242
-313
-5703
-5104
5067
10222
2997
-480
-18
8286
7880
3812
2918
-4841
-7409
-2365
6445
10693
5204
3861
2993
-842
-8094
-5390
-2704
-6227
-9758
-5232
5769
3474
-3029
-7975
-5826
-10201
-13625
-6173
-441
3535
335
209
3989
7712
11058
8499
4743
-899
5037
7725
5544
-1800
-10519
-5996
-489
3656
9424
10074
12257
9009
2658
-1251
-3213
-6528
-11176
-10805
-8794
-2493
1389
2433
-3369
-5200
-4541
-3271
725
887
3374
2166
-6117
-4267
-1218
9066
3621
-7393
-7057
744
4873
4120
5019
707
1016
1095
7009
14522
5379
5678
6902
3811
-6008
-9480
-3747
-6629
-10870
-9961
4345
8733
3489
-5201
-6638
-7355
-10750
-9225
-2237
-24
-5826
-7956
-595
633
8899
10655
8385
8494
6085
10866
10409
2286
-6854
-7137
-1070
2325
6973
5387
8297
6421
4003
2394
-1263
-1249
-7779
-10185
-10437
-3304
428
3223
-1326
-13075
-11860
-8026
-5023
-699
2239
6474
3310
588
-335
10341
7656
-1083
-3554
-883
5718
1865
1596
159
-3487
-785
6016
15858
13143
7506
4657
4263
-1931
-8451
-4666
-4940
-15053
-18710
-6812
2841
4548
-2545
-7740
-2737
-4530
-6822
-305
-719
-724
-5413
-3510
339
3455
6082
6939
4878
3894
9998
12258
9855
-377
-9053
-3572
142
6808
8582
7315
1648
-3731
-4365
-5776
-2576
-5473
-10611
-7481
-347
4256
8292
3147
-7435
-9309
-8621
-4510
-1797
-3092
3550
1690
-1336
-784
6759
12954
6811
-3240
-577
3988
4981
2971
128
-7890
-8470
-3445
7316
13710
7733
5731
6193
3788
-3529
-946
650
-9912
-14927
-10741
2546
5857
-3403
-9098
-9019
-7966
-8892
-1594
3223
4865
-1996
-2424
-591
1242
7576
7396
3238
-552
26
7409
8191
2777
-8097
-2441
5282
8979
14310
11771
7301
2209
-3853
-5623
-2956
-4763
-11336
-12046
-8663
776
8682
8155
277
-7847
-6684
-5784
-3401
-1521
245
616
-5109
-8625
-4019
7431
7074
-2583
346
6353
11933
9091
6605
-5286
-6694
-3438
3677
16440
8613
4129
3769
742
-5687
-5089
2525
20
-7953
-11828
-716
5234
2443
-8456
-12547
-10238
-15676
-12007
-3038
961
-349
-1041
3122
4693
10621
11710
5522
3423
370
4748
10106
6439
-9166
-8610
-1607
3713
12828
11797
12718
9659
955
-4632
-7248
-3700
-8319
-11927
-11984
-8757
-2542
4709
-198
-9114
-5249
-1381
1409
4691
2653
2690
-2038
-5302
-6535
6916
9190
-2183
-3201
-800
5942
8325
10180
2321
-1921
-3138
1581
12607
12212
6120
3028
1929
-7681
-14968
-6864
-4663
-7770
-8545
334
9321
12229
590
-10813
-9672
-9986
-12677
-3799
-99
-1600
-2721
-1750
-1029
7049
13023
11316
9431
3342
4487
7754
8643
-2565
-11000
-5300
-1726
1997
7702
6005
6074
4392
1326
-1784
2032
-3819
-9988
-10580
-5850
-3032
3258
3140
-9474
-9762
-5764
-4989
2437
2914
4939
5085
-340
-5231
1603
9150
4619
-3289
-3061
624
-17
4739
1065
-5762
-3550
2868
12433
21167
11746
6576
4821
-489
-10959
-8227
-3935
-10208
-13310
-6151
3854
10151
4198
-7331
-6447
-4998
-12149
-6781
-2758
-12
-3506
-4860
-3761
-3207
4672
7248
5013
4266
4350
8840
16192
8908
-7484
-5610
-376
2706
9694
7458
5548
1441
-290
-5759
-1547
-2506
-7958
-8483
-3897
411
3742
3707
-4724
-10875
-8117
-7598
-5428
-3674
52
-21
-619
-4304
-3
13403
14027
2415
262
68
3421
4874
4989
-6111
-6747
-1360
4624
16111
12129
8239
7112
7314
-3927
-7182
-5198
-6910
-12506
-13360
-1485
4461
2830
-5677
-13929
-7484
-10312
-6814
1852
8016
1620
-1743
-4869
-2198
5908
8626
6414
4493
1974
4812
9045
11344
-3642
-5607
2187
7106
10910
7563
6166
3857
-355
-7381
-8690
-8098
-8489
-12945
-12234
-3809
3942
11343
8525
-6352
-6047
-7898
-5258
-1676
406
475
-768
-6935
-5608
5364
12102
4354
2233
4362
9650
6515
6919
-3415
-6701
-4172
1261
10907
7171
4990
1313
2614
-2882
-6199
-1802
2890
-3066
-9809
-6776
804
7034
1508
-10466
-8895
-11915
-11612
-4531
1918
755
538
-1544
291
5414
9303
7441
5445
1543
2794
4889
5013
-4293
-11421
-6044
2865
9908
12078
13804
11811
6448
-4099
-10368
-6009
-5689
-9752
-9740
-9208
-2857
4734
7192
-3384
-4457
-4547
-3129
1950
1022
-309
-363
-4029
-8031
-629
4483
2504
-487
-2155
4875
7337
10053
7447
606
-13
1751
6854
12665
8961
3081
4916
-2679
-11109
-6292
-1735
-2549
-6032
-6718
2181
9159
4536
-7891
-10101
-6821
-11463
-7515
-6141
-3781
-4057
-6305
-5836
591
8989
13127
13925
10003
5591
2911
7042
3984
-9738
-6217
-1131
2832
11582
8843
9467
8412
2095
-7758
-2101
-3567
-7676
-10736
-9381
-3103
955
655
-6905
-10921
-7093
-7807
-2406
-1104
4227
4186
4480
-3855
-5183
3170
5815
599
1103
1349
1782
8743
6841
-2729
-2095
2393
6380
18003
11813
8469
3091
781
-10053
-9417
-7371
-6186
-10095
-10905
-3607
4951
6557
-738
-7629
1091
-3080
-5497
-5735
-872
-3292
-1400
-7013
-7375
5248
8041
8664
9824
7193
5936
10022
9590
-2052
-8921
-4587
1662
10317
5570
5350
91
2998
-10022
-7981
-5112
-2443
-5886
-3416
-232
3723
4740
-1620
-11834
-5835
-5219
-4503
-1817
-527
-1148
3416
-1652
-4888
5986
9705
7330
1268
-776
2924
5377
5692
-2153
-9128
-2955
312
11083
10941
12096
6391
12640
102
-6831
-7515
-6590
-7879
-7942
-4956
984
5687
479
-12217
-7979
-4599
-3095
130
3122
2503
-972
-6150
-9647
380
5216
6429
1810
2200
1784
4246
9742
3976
-4781
483
5971
11978
8988
6070
1805
5579
-3686
-11843
-8301
-6135
-8712
-8719
-4802
2981
7871
6482
-3358
-7500
-7670
-7727
-1038
-1805
-1764
-7023
-5585
-10057
-3403
5656
8678
5960
5029
8851
9139
10864
1959
-6961
-2789
1962
7622
10429
10104
4313
5727
3517
-5397
-3238
-4154
-2064
-5723
-6923
-1961
4329
2811
-8507
-16631
-12223
-10570
-6491
-2237
5364
3045
2677
-3034
215
7586
6186
3995
2752
3872
2918
6285
4913
-4615
-6762
557
9793
15501
9906
9268
5968
3197
-12756
-8874
-8335
-8131
-12968
-13167
-3548
1065
4256
73
-3869
-956
-2084
1189
1577
3290
-3156
-3892
-8103
-7625
1985
3294
6012
847
4834
6440
12647
8047
1088
-3314
865
4628
11809
7200
5856
-1089
445
-10004
-9058
-6930
-3709
-3101
-3915
2211
7800
9705
-1411
-13534
-11740
-9755
-7458
-5848
-195
3727
321
-3681
-5648
8643
8451
10810
6133
6322
1728
3762
4151
-2056
-9577
-6955
-384
11302
6576
8599
4542
10840
-2628
-6382
-3916
-5563
-9082
-13332
-5668
118
3858
-1946
-5183
-6224
-5061
-2863
1856
2496
3733
371
-1519
-10305
-2551
491
3884
-992
-333
344
7086
7031
1440
-3704
4300
6919
16069
14538
12956
3003
3258
-4475
-10467
-6902
-7825
-2698
-5937
-4021
1127
9055
5516
-4789
-8752
-5461
-7121
-5643
-5386
369
-3220
-3796
-11172
213
5975
5901
5092
8129
8039
8604
10864
4463
-6460
-7323
-2840
8761
9637
6908
4447
6917
107
-12399
-5668
-3735
-3309
-7175
-4962
-95
2979
264
-4899
-9341
-7308
-10288
-2194
-925
-46
-3796
2533
-1491
402
6322
4064
2932
-538
1927
5574
9629
2975
-5115
-1592
966
8209
13222
13857
11209
6838
4977
-9363
-7672
-9071
-6219
-7011
-7169
-6004
707
5013
-4546
-12045
-4986
-3255
-70
1050
3821
-1003
-2913
-7889
-4247
8600
4546
4761
3850
6503
3231
8118
7841
-205
-4569
-1496
6153
11581
6288
5541
1590
3670
-14497
-14278
-7124
-8209
-9811
-7859
2811
6509
10812
1757
-6253
-6149
-10019
-4796
-434
1168
-4067
-4008
-2459
-6657
3937
4318
7292
1186
5711
5455
9755
7591
-2454
-5635
-2333
-660
6265
8985
9042
2573
8282
-1472
-5056
-667
-3486
-3243
-6599
-3269
188
7066
-1018
-12984
-10723
-4187
-3579
-2750
2026
5822
-917
-1579
-7250
6812
7113
6079
1866
3568
-1303
-811
5714
984
-6998
-5726
1742
13531
13882
12621
5895
7912
-5664
-16704
-7842
-9101
-9290
-13467
-1145
1960
7197
3142
-1929
-4814
-2956
-3372
-264
285
214
-5810
-3129
-12318
-6874
77
5708
949
687
4309
11992
16531
8676
-426
641
-1007
3690
8361
10723
4350
2795
2799
-8414
-4435
-7001
-1902
-4921
-355
1421
7302
3984
-9141
-14833
-8542
-8221
-7712
-6632
3928
-1745
-1915
-8363
2072
12101
12463
9220
7494
4400
-537
6584
4553
-5097
-8404
-3547
7584
10175
8765
7973
8612
6430
-10291
-7849
-7458
-7530
-13767
-8068
-2504
373
155
-2320
-6847
-5193
-7349
-911
2599
7149
664
1331
-5967
-11062
-2009
1391
3418
-424
2303
5890
11780
7850
62
1897
2516
7499
10013
10058
7646
451
4285
-7883
-9313
-11165
-6716
-5133
-5563
-1913
4735
12810
3378
-6667
-5144
-6649
-7472
-6575
2530
2444
-1882
-7579
-5392
6987
5165
8011
7436
9914
6274
8602
8142
-1265
-9033
-7487
1040
4658
346
2842
3672
8167
-7801
-11005
-2372
-2992
-4660
-6756
-478
-691
3007
-613
-3813
-4480
-9395
-5078
-629
1718
1549
-1030
539
-5355
1431
1397
4280
-1915
575
2732
6283
5173
-3459
-1406
430
1711
7179
11537
13405
7987
10333
445
-10111
-9026
-8862
-2987
-6095
-6066
-2371
9187
2836
-6352
-5920
-2735
-3485
-3453
138
6043
-2217
-5441
-9241
2167
2482
-113
517
6324
4981
6684
13684
8197
1193
-1478
232
5535
3169
2146
3103
7022
-2236
-15709
-5254
-6725
-5128
-8745
-1787
629
7114
4727
-1228
-4405
-7336
-9142
-5259
-4822
-4362
-6707
-416
-7180
-3449
4014
7346
4333
3929
5902
8067
10640
-55
-3209
1030
-918
1008
8545
10031
8098
6434
6566
-6949
-1978
-5754
-1401
-4644
-6884
-6547
2969
3309
-9746
-12066
-3435
-4999
-5405
-2704
7754
4334
3461
-2812
478
6880
193
1063
2338
3839
-349
12070
10303
1318
-1361
-1663
5189
8515
5256
5982
4874
2372
-16370
-10998
-9060
-9909
-14519
-7753
-2441
1846
7466
3370
447
2227
-2667
-1768
-2651
-2707
-5494
-2178
-4428
-10351
1450
4180
6316
1394
3966
5660
14937
10439
1891
2826
-1553
-3418
2651
5756
5976
-1413
6297
-4178
-7133
-4991
-1367
691
-826
455
1850
8964
-4993
-12326
-5520
-3878
-6041
-6063
1981
3370
-106
-2670
-2252
9970
6381
6414
3397
3848
-5190
2489
8425
1390
-4761
-4954
834
4049
3708
6597
7585
10948
-4011
-11734
-4823
-9207
-11407
-12194
-2661
-2988
4966
1363
-865
-384
-2911
-3028
629
1582
259
-2041
-1560
-12313
-5080
-1693
2421
-2190
-564
2173
5632
10935
4600
7294
5350
2483
3282
7749
6812
280
3930
1506
-8315
-5872
-7182
18
-4879
-1966
-1451
11681
3760
-6013
-4836
-1337
-7120
-8346
-4111
2057
-4623
-5699
-6335
3093
7172
7259
7871
9195
6788
2486
11000
4374
-1071
-2145
1361
4097
3360
1916
5180
5809
1316
-12102
-3291
-6927
-4908
-9376
-2773
-4607
466
629
-4286
-4467
-5891
-6117
-3478
-1511
2240
430
3917
-2520
-4136
2061
2703
466
-1467
4369
3729
9222
988
3723
5274
2242
1779
6192
7866
7150
3655
6371
-6895
-7410
-10660
-5898
-8163
-8529
-6458
2520
6014
-4264
-3316
2956
1131
-2963
-2058
4412
139
-4734
-5894
-1799
6271
2050
7076
5630
7037
1088
9801
8063
2447
1601
2155
5850
2829
-509
-431
-570
-632
-13878
-9044
-7559
-7943
-7838
-3115
2103
1490
6366
-976
-1387
-4478
-5789
-5445
-3220
-2076
-1230
415
-2553
-6766
1133
2976
5368
916
5162
4551
8417
3792
-2978
1182
-1715
-1720
2753
6027
4638
3897
9868
2748
-1510
-3091
-4056
-1980
-9334
-5123
-3185
6863
-4183
-5001
455
902
-3531
-3401
4043
5038
931
-2112
-2146
4260
1025
1702
949
2802
-1949
3256
9816
621
2394
1169
8756
9694
7518
2678
2462
228
-8024
-12721
-7020
-10505
-9257
-9700
-1081
-2958
5848
2385
1228
1605
-1474
-4303
-3088
-3081
-4378
-4320
-5368
-10099
-4652
1406
2973
3511
4833
8629
9285
14412
3340
6132
-1489
-1362
198
5932
3351
298
3784
5000
-4220
-2659
-3896
1204
-4428
-2866
-4582
5238
-1591
-10101
-4678
-3368
-7409
-8730
-861
1787
1334
-1496
1529
6702
8427
4624
5103
2777
2038
-1441
9701
3309
1504
-2022
3329
3954
7162
5652
6410
4965
173
-11308
-5816
-10722
-10958
-12934
-8785
-8525
-2665
2855
-1027
2089
-323
496
328
3091
450
-737
-2622
-7276
-6939
-80
1763
1796
-669
7019
3511
10359
5368
7730
6116
1706
-1421
3355
4925
336
-169
-1245
-8604
-7110
-7226
-1773
-4007
-3666
-1050
4312
7895
-2957
-1715
-1235
-3064
-7944
-2487
1970
150
-3582
-1494
3355
6937
6304
8358
6426
8208
738
6873
7302
1051
549
-2962
-1290
-2007
1013
2874
6181
3319
-6266
-3689
-3502
-4222
-9247
-9494
-5951
-6253
2566
-1819
592
-2864
-2276
-2878
-973
1876
923
1148
-3019
-4084
-1953
2825
1896
-838
2672
-184
1067
2763
1550
9877
3050
3104
2796
9070
5688
5622
3179
-3375
-7764
-6684
-2571
-3570
-8695
-3765
-832
5703
-1057
-2072
1261
1025
-3717
-4451
3084
-585
-2115
-6778
-4286
-1482
949
4627
6694
7113
4718
5507
12453
5828
8534
-342
3306
-2625
757
-348
3294
1729
-4341
-6447
-4971
-4310
-6668
-8955
-2977
-4107
802
-485
-2452
-1143
-4402
-7853
-8943
-3712
-3956
2172
-4564
-3367
-1339
4830
7610
6851
4377
5345
-352
4763
1953
6916
108
1743
188
6912
4712
2773
6145
3646
-1920
-4471
-3927
-2242
-8235
-6485
-6559
-1493
-3589
-7408
561
775
524
-4525
4955
6129
7183
-2987
-2230
-2042
792
5386
6333
5170
5189
-370
9002
5271
7869
4042
5886
2974
3406
1049
-742
526
-4893
-7676
-7941
-9448
-9974
-11418
-5536
-2460
-1041
3973
1584
5194
-753
-2398
-8004
-3770
-1473
1558
-2790
-7156
-7188
-21
5863
7927
5847
9647
2822
6926
2874
5133
1704
-2846
-2803
-734
2057
-3057
583
769
162
-836
-632
2105
-3202
-3933
-2972
-3851
-2080
-6201
-263
-528
-1983
-8734
-1376
4285
6120
2754
-1622
244
2275
4685
5607
3391
5049
-884
1216
2015
1546
1908
1470
4117
3611
7179
3841
5108
-308
-6298
-5970
-7008
-4482
-8861
-8866
-5361
-7531
-676
-1017
3270
1702
93
-4233
-1929
1667
-286
371
-9412
-8145
-6997
-148
2115
571
6558
6276
6550
7980
8444
10445
2980
461
-2784
4396
1131
3544
1256
-3829
-4816
-3864
3076
-2716
-4829
-1673
-2099
524
-2440
-1959
1159
-2703
-8278
-7854
687
-182
1192
-5311
978
1966
6907
10265
9052
9868
6495
1483
4847
2284
6471
1355
3832
-1778
2533
2535
3283
3369
-5271
-5330
-5859
750
-4997
-8656
-7522
-8731
-4912
-4180
-3478
-2101
-4863
-4173
-5861
4410
4848
7829
-4050
-4528
-7014
-1277
3255
3040
5555
7668
1724
3310
2951
9464
4586
3012
-2011
2960
4604
2970
4413
-3512
-6699
-9281
-3115
-3778
-8506
-8541
-5069
-3007
1197
622
5912
1719
1172
-7569
-103
1056
4776
-1887
-2695
-1745
1258
7190
7280
8186
9512
3603
6346
4962
9415
4077
2315
-3099
-2837
-83
-1089
1245
-7762
-8267
-9312
-1906
579
-1952
-1926
47
-4529
-3298
-4249
343
-3078
-2615
-9462
-3015
-726
4903
-656
-5107
-3878
-878
5755
6488
4897
7084
1244
476
767
5274
3151
-1995
-3376
-1987
6919
4912
9453
4471
1290
-4246
-4577
-2037
-6287
-5896
-2865
-5871
-4520
-6239
2531
537
2525
-5057
-487
2751
6667
2598
-4944
-3908
-4534
3291
4079
2977
5416
1691
1962
4344
9945
11869
7864
5017
-845
2675
-852
1289
-3670
-6245
-7601
-7010
-4205
-7784
-6278
566
-351
316
-2078
3671
-237
-2872
-9971
-9222
-3562
-1139
-594
-8867
-8265
-7819
2416
8939
8935
12936
8973
5148
1876
3355
5821
452
298
-4257
3237
1113
3046
934
-818
636
-366
2899
-3867
-6313
-4025
-4023
-5754
-8593
-4189
-1900
-1073
-6704
-7382
1935
7239
10493
1571
1036
292
4094
6219
4139
7143
6609
2175
1721
4187
8860
5080
4678
1083
4495
3577
2658
2010
-5845
-6428
-9723
-5438
-10013
-12678
-7855
-3531
-2524
-1818
1223
3874
2324
-693
-6579
-395
-1564
531
-7694
-7822
-7005
-741
5713
4646
7150
7780
6518
4980
6061
9529
6150
1251
-4002
-2436
372
-142
-240
-5674
-3918
-5781
919
-1558
-3702
-2103
2078
-1000
-774
-5027
-1610
-3602
-1727
-7336
-778
2504
7679
199
-3300
-428
3962
9895
7921
8846
9347
4312
597
642
5241
2974
564
-488
-2437
2604
110
4893
-739
-32
-4827
532
-4523
-10502
-11467
-4998
-3020
-627
-664
4103
-1922
-2670
-8167
-2333
1024
5525
-957
-7188
-7288
-5983
1935
2982
2421
3865
4972
1768
2061
5455
8680
4852
4324
994
8315
1727
886
-5214
-4144
-3921
-1383
-1264
-3095
-7329
-4679
-4838
-1422
-1419
5805
-85
5
-7258
-6990
-1475
3934
1578
-7278
-4627
-3717
5236
5552
7782
10859
12839
7960
6675
6588
6154
-253
-315
-1571
3656
-1066
2538
-3431
-5946
-6049
-2359
-392
-2461
-8278
-2717
-1813
-5213
-5533
775
-410
-4380
-9701
-10351
-2182
1125
1387
-5133
-2783
-2462
5891
7429
6294
3144
4525
3565
4420
3340
7805
1468
592
-2376
3622
4320
7033
1470
-1345
-84
-4416
-4482
-6619
-8231
-7149
-4988
-6812
-5564
-420
1406
2464
-239
-3158
2478
7789
7447
-5258
-6433
-3669
6184
5627
6561
5965
8002
6146
4510
7167
11990
6114
2398
1310
-484
-2214
-1587
-3278
-8080
-8039
-8995
-3518
-5536
-8239
-4750
2845
1836
247
1401
3220
-1889
-6518
-9105
-2160
-45
1679
-5908
-7702
-5522
-85
5386
9115
8737
7674
10216
3613
1230
3332
-175
-2140
-3644
-3996
1315
1994
1576
-2228
1159
256
3378
-2229
-4241
-9084
-6244
-5753
-2993
-3124
-435
-838
-1928
-4676
-4841
2731
9388
3461
-3574
1176
2634
3997
1711
2022
4862
7734
714
3643
8236
6780
2489
3451
3141
6791
2331
4282
-3316
-7925
-8914
-2997
-3724
-6038
-9206
-3280
1048
-1392
-1102
2608
988
-1465
-2520
-2087
-389
-1734
-7304
-10326
-6939
-6899
1267
3004
5641
3683
11438
9528
10025
7279
7743
1918
-3687
-5157
1062
3299
4172
-1937
-2483
-890
-619
-3277
-3545
-5682
-4173
-171
-26
-500
-2907
-6921
-6079
-4817
-6832
-1213
3641
2631
-5294
-662
3285
12629
7566
8917
6807
7147
2342
3318
8180
9639
3659
-514
218
1262
-799
2295
204
-1677
-3744
-2270
-2008
-9215
-13681
-11435
185
-2235
-2436
-2233
-1989
-4496
-4819
-2125
6182
7150
1856
-6465
-7728
-8473
-610
2597
7029
2405
4408
6393
6330
5871
5816
3447
1505
88
1540
5145
2400
-4159
-7271
-2102
-2579
-3196
-8383
-8111
-9368
-1913
-389
4534
5445
1274
-409
-4619
-8919
-4291
4205
7137
-3799
-6466
-3075
6367
5882
6899
6131
8816
9295
5155
11333
8514
313
-4892
-1514
-1434
-899
-1899
-2864
-5123
-4666
-2390
3477
-669
-6237
-8807
-130
-1166
-2873
-2010
915
-1023
-6517
-8832
-3230
4358
4583
-2904
-4224
-3359
-9
6797
7060
344
-2552
3098
2761
5494
3902
586
-1320
-985
360
6625
9961
4841
-1320
75
-2299
-2663
-7097
-6365
-8419
-5869
-3397
-1673
1719
-283
325
199
-2089
-5883
5886
10536
-999
-10132
-9860
-839
6325
4356
2242
3695
8577
5402
11160
14884
10946
2499
1650
308
-948
-1412
-370
-1764
-4347
-6035
-1793
-1077
-6522
-9871
-4173
5058
562
2746
2525
-1748
-8034
-11602
-11299
-243
2201
-3983
-6306
-4109
-2435
7050
10501
9589
2259
6516
4905
3232
2609
368
1739
-602
-2787
-674
4780
4019
-1360
-833
2173
757
-1691
-4072
-9043
-12262
-7939
-7523
158
-1455
-4476
-3237
-2046
-6593
2415
11087
9321
-1799
-2878
-941
4691
2790
2061
3971
8463
6593
5027
10348
8001
2742
814
3061
1777
1996
4137
-284
-6572
-9977
-10223
-2812
-7186
-11642
-10915
178
-1074
2618
4783
5316
668
-4469
-7552
-2976
517
-4175
-7514
-2031
-1302
4152
6632
6715
1637
3236
8789
7739
7436
3760
1916
-2408
-4489
-7574
808
4539
-636
-3775
-52
-1881
1008
-2788
-2767
-5315
-2969
-2998
387
-304
-5097
-4349
-1020
-4718
-3199
6676
6376
-4017
-4616
280
10520
8323
3613
3297
3762
4972
-219
7077
8060
2356
-2908
-253
-1560
1178
4759
5818
3299
-1632
-5820
-683
-6099
-11098
-13417
-705
1742
462
606
1197
-192
-3696
-6173
-2223
5694
1624
-5576
-6376
-5234
-1817
4446
5956
1452
-1397
4813
4434
7785
5771
4243
4395
1410
-3486
1518
4853
534
-5167
-287
-976
307
-4985
-7184
-9978
-5817
-2238
1458
5932
169
-1198
-1862
-6676
-10717
-801
6135
-1147
-7839
-5868
3166
10645
7153
4557
7371
10708
5643
8854
10578
4578
-2679
-2096
-993
-928
2068
1559
-501
-682
-4722
-298
2160
-6422
-11689
-5106
-32
-1895
-3380
-3098
-2039
-4262
-8307
-8035
831
5457
-738
-2689
616
-396
7734
9115
5003
-938
2580
4928
5736
5479
1404
357
-1775
-4114
-2856
8632
6763
-437
771
-2280
-3402
-6728
-11486
-11880
-10171
-5880
-2818
4093
2204
-132
950
1646
-5656
-1593
8096
1430
-6343
-6597
-1287
8527
8473
3584
2514
5530
4021
4934
14006
11226
4068
-355
-1679
-6618
-3782
-2471
-1657
-1900
-5449
-4461
1172
-4933
-9842
-7266
5749
3846
3379
2493
-1142
-3732
-7537
-7948
-2365
5888
-1788
-5591
-2117
-1601
3883
9772
10936
4751
4940
5567
1741
3123
-3245
-1950
-2788
-4579
-8383
1550
6440
2224
2580
5048
3272
435
-5945
-10792
-12653
-6168
-4336
3196
4007
-214
-1629
-1235
-5077
-6330
6955
7857
-317
-2322
531
4097
5552
-1252
-561
4097
5976
1067
9295
9341
7725
1316
3758
1349
117
2468
-1315
-1903
-2994
-6029
212
-1421
-9639
-13296
-1291
1451
1725
2226
4516
3317
-3688
-6367
-10129
255
-3712
-8701
-5649
-1439
36
6330
5863
4052
3607
9997
9857
10020
2800
982
-4620
-3689
-7670
-3021
5210
172
-1437
2368
1299
-213
-4042
-8231
-8637
-4490
-1611
-219
117
-3128
-3792
-3933
-3680
-9504
388
5582
1176
-3200
1305
9425
14005
5704
666
-635
5836
2531
7698
8291
6680
-1165
-642
-947
-2432
1005
-462
2692
1310
-1635
-2349
-4270
-11742
-17057
-8560
67
108
-1316
128
3790
-174
-2169
-5185
2792
3153
-2875
-5715
-1995
709
7487
8949
3860
-1368
3795
6763
10669
6530
3089
2425
-384
-2362
-3809
292
-2468
-6141
-3061
-363
-741
-4196
-9338
-10448
-6558
-945
2990
7514
2728
1496
-1632
-3326
-7593
-4604
4820
481
-4572
-3681
3196
11197
10461
1889
1317
6541
6601
9744
8725
2847
-3170
-7148
-2214
-3358
-1859
-1584
188
2366
495
-77
4192
-2737
-11419
-8546
-1604
767
48
-226
1836
469
-4737
-6138
-3857
3480
-3540
-3565
1355
4776
8796
9891
1570
-4088
-4292
1191
6107
6990
1399
3151
-82
-209
-2842
3396
4419
-914
707
-2361
-2834
-3990
-6004
-12012
-10276
-5872
-907
4023
3547
787
894
-61
-1024
-3024
5095
-2712
-7361
-10066
-1488
6708
10064
2280
1089
4681
6314
7770
13205
10550
7076
-1400
-4382
-5815
-3750
-1288
-1566
2505
-1006
-2680
-1797
-526
-10535
-10995
-420
5411
5144
2583
-3068
-2951
-9914
-8015
-7072
2678
-4929
-5336
-2765
3874
8825
14410
11408
3886
1774
1506
1993
4551
1398
4685
2507
-972
-4656
-2505
4089
-1239
585
1340
2533
-2669
-1514
-13127
-15559
-11770
-6038
1094
3220
-2849
723
-962
433
-2114
6048
5151
240
-4951
-605
3931
8911
4517
-214
3280
6513
4347
7451
8946
7413
1743
-1646
-884
-2967
2647
-3619
-2469
-4737
-6380
-5146
-3
-10339
-14207
-5439
2661
7154
5338
2013
4898
-2097
-4048
-8104
-1711
-1990
-4826
-4191
1989
4292
9391
12338
4514
1310
3969
5811
6813
4282
971
-943
-4869
-6547
-5491
2140
-2956
-2842
-1921
1267
833
299
-6667
-11114
-8043
-2433
1400
2172
-1318
-381
-365
237
-3358
-1354
4813
557
-2616
-1055
5397
10482
11275
2811
-2591
1288
335
5013
6623
3140
1068
-2479
-646
-595
1999
-1165
866
613
-1010
-1331
-2258
-5975
-16387
-10095
145
5117
2172
581
2288
1377
-3654
-4795
-2109
3578
-1616
-4440
-4197
-1519
4215
10888
6650
-67
2702
3935
9710
8049
2875
4592
7
-1008
694
1134
-935
-5559
-2191
-1039
728
-5517
-5529
-14530
-11419
-4627
2445
6121
2311
786
858
-4553
-6654
-7930
2008
-1748
-3578
-5237
1174
10709
13965
8589
1164
4669
2169
9393
8305
4915
1507
-4377
-3497
497
-1072
-1132
-4110
500
-1219
-142
-829
793
-11393
-10854
-5332
-2043
-1199
-3030
-2191
3153
-3662
-5471
-3209
4378
-305
-618
-669
1696
9849
10796
9837
-469
-758
717
7825
6777
2435
1309
-1371
-3164
-1317
3447
7017
-1543
560
-4863
-4917
-9426
-7513
-14665
-13655
-7954
-3518
5645
5044
2341
5672
2260
-1441
-2212
1974
-206
-2917
-8021
-2642
9958
11630
10209
-603
1762
3608
5374
9226
10607
5986
1759
-6095
-7385
-5228
-2150
-6728
-1469
-4237
-4244
-341
1055
-4948
-9736
-2467
53
4668
1286
-1713
2394
-3395
-5290
-4135
137
109
-3132
-3538
22
8104
12274
17156
4972
2405
2123
-785
2633
-94
-1464
1076
-3416
-5808
130
5728
3598
5325
1047
-1976
-1164
-4659
-8990
-16282
-11996
-6419
1692
3657
1715
3063
1031
-418
-2400
382
5799
-558
-3648
-3638
906
7263
8120
237
-1393
3611
21
7336
7888
7037
8804
1611
-1872
-2703
-260
-1405
-329
-2845
-7593
-1800
-2883
-2247
-13090
-8532
-647
2846
3240
1557
3057
1593
-2332
-8190
-6174
-2355
-6642
-5822
-2665
1122
11892
15493
12564
4437
6496
2727
6154
3589
1897
3327
-1980
-5758
-4037
-605
2613
881
1739
-1472
-532
-6197
-2880
-11214
-11927
-4034
-4313
-402
-2524
-2852
753
-387
-4640
-2306
4114
1447
-219
-1683
1435
12060
10079
10656
-841
2660
-596
3803
4140
5689
4317
-119
-193
-2000
-1689
1069
473
2055
-2024
-3878
-8269
-5402
-13994
-13806
-3450
-2531
3327
2319
2179
6127
1987
-2646
-3118
100
1160
-2919
-4193
-1572
9521
8797
15466
3354
3835
3029
3136
3400
3921
4424
1518
519
-3080
-4088
-2443
-6262
-2220
-2993
-2079
-3519
-5071
-8745
-11771
-3051
-3310
2974
942
2048
3119
-444
-1079
-4878
-1845
2123
-1416
-4615
-570
9355
9466
13963
3893
4462
4785
2290
1889
1421
-1047
-3463
-4453
-3898
-1161
348
-938
1515
577
-1192
1119
-4883
-6058
-13356
-5963
-2590
-189
-174
1087
3514
-992
-534
-4845
-3192
2238
-93
-811
1188
7956
8685
10114
2459
-854
2396
-810
3446
3527
4113
3821
2660
521
1886
2385
1320
-642
-3393
-3695
-310
-7073
-6693
-14984
-9945
-2476
-265
648
1225
1603
1948
3491
-1651
-3215
-2495
-5538
-8059
-4896
1735
10712
10996
8446
3851
8773
4035
6378
6335
5032
2681
-3656
-4625
-3718
-1082
1179
-598
-2162
-3944
1514
-3452
-2098
-13024
-9613
1146
831
2065
-3687
-3264
-2971
-2853
-8829
-4903
-186
175
-231
2533
6292
13820
11992
12447
3650
3761
-1147
1613
2598
2657
1315
-1260
628
-867
1368
4586
318
-894
-2897
214
-2540
-6015
-15487
-16778
-6698
-7933
1038
596
433
2759
4359
1112
-943
1590
1496
-1518
-3044
-1582
9178
8110
11145
1195
4454
4213
3378
5334
5632
3272
-2408
-730
-4134
-40
-36
-5166
-3491
-7124
-7044
-4187
-3030
-7808
-10339
-785
-966
4879
2399
1583
2423
1851
-4376
-8116
-2878
1901
-2761
-1646
3106
11916
11636
14933
5515
3801
3535
-262
6975
3692
-3049
-6047
-3304
-6363
-1077
2813
909
2603
-726
-1810
-516
-4842
-6554
-11314
-2383
-5222
-3782
-135
667
-556
226
702
-5308
-512
2991
-703
-2602
-515
7434
13174
12879
660
-1197
1736
-2872
2596
4502
2800
-685
104
-2279
1793
1323
-584
1024
2456
-2713
-5587
-7331
-6010
-11941
-5549
-2222
-2789
2453
1317
1768
1350
-430
-7456
-1174
3904
-3483
-6378
-3105
3525
10081
12072
8643
4414
6065
-172
6384
6159
2334
-1637
3129
-69
-3717
282
1352
-481
-620
-3294
-2816
-5951
-7275
-12396
-4020
609
-3623
3742
3284
-293
-4903
-2704
-9145
-5649
-980
-1125
-1954
1505
4155
14207
13624
9331
2486
7623
3144
1505
2790
1983
-1847
-2503
-3014
-3634
1560
839
-3229
2679
-560
-1491
-3951
-2803
-11338
-13940
-5419
-6893
256
-3724
-1212
1
3650
-5008
-2138
5423
2430
-2682
2281
6678
12505
9796
10288
4051
5552
-800
79
5127
3346
-1737
894
2907
-1841
2011
4733
54
-1924
-8066
-7806
-7310
-9480
-13836
-11838
365
-1202
6537
5873
2184
-2287
2140
-613
-2891
-2949
-3570
-5832
-352
286
10155
11387
12414
3259
6611
5614
1374
5317
4311
1379
-4253
-6168
-10125
-1950
-1204
-5282
-364
-2025
-1440
-166
244
-5125
-12817
-5472
-2057
5675
-21
-4082
-5015
112
-4683
-6778
354
3613
-2617
1293
5222
11155
12447
12687
8363
6562
-1482
-7134
1129
495
-3391
-3021
2455
1006
5447
7371
3145
1300
-2788
-3715
458
-4434
-10354
-15575
-7175
-5892
1033
6075
4561
184
204
884
-3526
-836
-455
-3106
-697
-3668
-168
8237
9262
2924
4139
5653
2592
6854
6001
4776
-799
-2588
-5246
3908
4587
-3670
-4785
-2664
-5215
-3954
-2912
-2307
-8604
-8090
-4056
984
4952
241
-1289
-404
-5274
-13758
-5495
857
-3908
-1487
2869
7135
16315
14376
13454
10003
3942
-3334
6290
6487
-769
-6056
-3103
-1231
637
4970
2759
770
-1377
-4808
-1773
-1921
-5858
-11985
-6973
-4936
-9809
-654
-688
-232
-452
20
-5376
1883
2423
584
359
-426
-2448
11863
13839
10261
3456
1964
-729
1694
3257
3252
347
-2498
-4209
-650
7354
1463
-4900
333
-3382
-9819
-8187
-8574
-9743
-10644
-5204
-4620
6686
388
1742
2988
122
-11236
-5240
4433
3516
-2688
11
928
10635
11597
13073
10181
7333
-2023
2001
8103
4095
-2951
-2119
723
-4717
2004
-146
-2525
-1696
-5405
-6486
1318
-2301
-6245
-5625
-1325
-6779
606
1299
3933
473
843
-5597
-3701
-1709
-616
-2456
3089
-2704
6067
12663
13057
6381
6424
2808
-2062
-358
-1856
-2688
-5703
-4784
-4825
8453
6566
-952
2167
648
-7240
-5510
-3241
-2410
-10349
-7606
-7057
2228
-2922
-3062
-594
4299
-4917
-8017
1456
4724
-1163
1442
3142
6414
8957
7199
6017
5547
-1742
-3340
6086
7583
2896
-644
2997
-754
3442
4891
3688
877
-3214
-9345
-5207
-5213
-7108
-8631
-2404
-3293
-1505
1998
2316
765
812
59
-1891
-2623
-4552
-8006
-1959
-2556
-76
11213
15107
10921
7730
5767
2113
1933
801
3455
-1329
-4428
-6796
1307
4516
-2241
-3029
1702
-2856
-6017
-3262
-1848
-6161
-9613
-6250
-262
27
-7199
-7219
-4099
-5403
-8828
-319
7314
3586
905
5867
6330
12605
11160
13071
10968
1492
-4582
71
3094
15
-3233
499
3632
3505
5393
2591
1106
-1467
-6257
-6032
-4427
-9615
-12441
-10568
-6400
-5370
2358
2456
5632
776
437
-1977
1433
1698
607
36
-89
-3314
5325
10686
8172
5093
2841
3385
3584
2331
2597
509
-3149
-3422
357
6660
-2582
-7064
-5103
-5143
-9089
-4221
-1386
-446
-7122
-5617
-2910
3519
-3960
-942
110
-3046
-10216
-5562
3136
3538
-3187
598
4324
11991
13549
12949
12532
4998
-2278
-830
4931
-807
-5440
-7028
697
-243
6593
3493
6007
2072
-2457
-5457
-1106
-3605
-6374
-6791
-3663
-4658
-322
-1835
1422
-1606
-2495
-3821
618
2410
3749
1127
1764
-2971
1631
12307
8514
3543
-1580
-2485
-3323
-21
508
5731
-120
-746
-1102
8933
3066
-769
-1256
651
-7452
-6656
-4129
-3680
-10205
-10215
-5387
3959
-527
-3130
-383
201
-6265
-8213
1043
4145
-1661
-4150
-2184
1965
10730
10970
14444
12022
2193
-854
3819
1843
276
-3087
3235
1046
6407
1827
2716
-2468
-5387
-9158
-2412
1036
-4001
-6813
-5787
-3967
-1637
858
-104
-1515
-4436
-6819
-6072
-3081
-339
3220
7253
5960
2045
10235
11302
8688
6164
2917
-108
-2007
-2758
-481
-3413
-3776
-4784
7178
7898
2349
-1185
-1168
-4026
-6828
-2044
-2030
-8921
-13867
-10716
-3972
-2028
-6358
-2686
3647
1236
-4770
-253
3283
3568
612
6320
4353
7750
9244
8682
10216
1107
-2169
1010
5839
1695
-1625
1007
3015
5102
5301
3922
-1343
-7943
-10696
-10142
-3736
-5774
-7520
-3123
753
-241
2916
-231
801
260
184
-1681
-2428
-2223
-1570
-880
2135
315
6699
15085
10139
8860
2949
1489
-1927
-1760
-1259
-2890
-7079
-5768
-1147
4708
-232
-1839
-55
3401
-3107
267
-1647
-6267
-8704
-5635
-1149
-59
-6012
-7990
-3193
-4250
-8026
-4225
5396
7159
397
2418
4577
7800
11252
7809
9219
202
-3884
-4906
1006
-1062
-3665
-920
7162
7772
10286
4592
2746
-2321
-4022
-5130
-1613
-3575
-9900
-7997
-3295
-2663
-1669
853
2218
2665
1609
-1798
-1424
228
2008
-283
-3478
-1673
-36
12390
8571
6028
2980
5632
3299
2707
26
-4005
-5343
-3799
819
9565
2203
-1902
-5321
-2932
-5996
-5279
-579
-3399
-6456
-5866
-1775
-1114
-2925
-7483
-3760
-4943
-10219
-10148
-1364
6013
2924
-1429
6179
8947
17827
13643
7969
4061
-78
867
4652
2224
-3747
-5101
-120
1441
7191
4339
5784
532
-2765
-4357
-4334
-514
-7976
-8280
-7547
-4630
-4601
-2752
-2666
-2297
-1526
-886
1690
3496
6950
3842
-2274
-444
-907
13734
13669
7722
3634
-305
-997
-1122
-1422
-2211
-2891
-2611
-1127
5910
4582
1931
-2217
-4119
-6532
-8412
-3362
-5344
-9314
-9897
-2052
3470
4162
-1201
-4724
-3587
-6637
-7640
783
7799
7146
-520
128
36
9362
11194
9511
9677
1256
540
959
2668
-2038
-4529
230
-1204
2665
193
2918
-201
-5107
-5168
-2383
4536
118
-6778
-7797
-3250
-1927
3125
2396
-2619
-1280
-5412
-4708
-159
2188
6133
2639
2027
1373
7405
12770
8653
7542
3213
-509
-4037
-3574
-5026
-7030
-3822
-5045
4046
8208
7795
4595
-2245
-4420
-6607
-200
378
-7595
-9118
-7707
-3349
-663
-3516
-7933
-2610
-3641
-5990
-488
2760
7657
413
1185
1543
3799
8921
3809
6025
2478
-345
80
5186
4454
127
961
-292
3936
5900
7176
4435
-2257
-6772
-9015
-1772
-40
-8245
-6039
-3004
599
3189
1323
-2104
-1734
-2091
-6050
-3904
-2173
3184
146
-1433
302
3598
14531
10541
10328
6565
2842
-141
-1812
-383
-5409
-4250
-5623
-4120
2896
1877
578
-1883
-2605
-3756
787
1463
-7463
-9675
-9709
-3478
-3133
-4760
-9638
-8271
-5099
-8350
-3555
3032
11739
8970
2326
2668
4066
12759
9552
7377
4432
1097
-1408
-649
-1109
-5316
-217
2573
3920
11015
6716
5226
-1253
-7692
-6286
-4585
-761
-7929
-9597
-9083
-1472
-507
3382
2289
2088
4605
-3264
-2619
-723
5176
7490
620
1786
-765
10106
7879
5069
4542
2151
2945
4499
3434
-4252
-4578
-5410
-4876
2993
108
393
-3878
-7092
-4915
-3353
4189
-2029
-4068
-5775
-1321
-1779
-643
-5930
-5822
-2050
-5678
-6073
-1380
3711
7695
544
1936
1827
14441
15281
8185
5241
-2509
-2169
277
85
-4888
-6532
-2448
-1632
6339
6655
8755
5643
-1066
-3755
-5963
2006
-5564
-5862
-7452
-2158
-1383
-361
-3511
-5649
-709
-2365
-3387
2595
5646
8266
827
-659
-3418
6910
8995
4863
4715
-3609
-4257
-1193
3834
2259
-1661
573
-2047
1687
2765
1467
1768
-3095
-5417
-5668
1278
-4546
-9239
-10135
-4788
-1257
1181
-789
-5492
-3317
-5800
-10040
-596
744
6702
2541
-1887
-3560
4223
13226
10698
12142
4689
1769
-1071
1988
42
-3479
990
-1915
4026
6527
3169
1832
-2748
-5539
-5678
1195
1671
-2473
-6096
-5623
-2646
502
-1164
-6598
-2035
-2913
-8980
-1534
2711
10947
8841
3983
2947
5199
12788
7253
9186
4883
-715
-2773
261
-488
-5088
-1529
-3945
-559
4595
4346
6214
56
-5866
-9010
-3342
-2242
-10404
-8419
-10337
-5097
-3983
-2890
-6336
-2104
58
-5296
-81
1812
8540
7018
2341
27
633
11760
6097
5976
2582
-344
-680
124
2415
786
3752
-277
-2093
2756
2322
1473
-334
-5572
-8492
-5893
-948
-5513
-793
-3945
2433
3631
2448
-3169
-3715
1629
-5742
-3795
1445
7074
6618
-76
-1103
187
11357
9739
11634
8780
-23
-2267
-4524
-2451
-8211
-3224
-1058
-3737
-248
-1247
2634
4578
-959
-3691
-1857
-85
-9126
-6835
-8480
-1513
-3238
-864
-5674
-9200
-3963
-8968
-4380
1410
7902
13673
8305
1774
-1152
6363
7167
3047
2271
-868
1107
-1782
-1579
-4685
2654
6350
3836
7345
3919
2030
2423
-2000
-3652
-5826
619
-3947
-4168
-9465
-4452
137
2838
566
-1458
5802
-2951
-6120
-3049
2449
7140
2058
699
-890
5415
6425
4865
11053
4395
4436
2703
3013
-6127
-5619
-139
1505
3764
1518
2228
2014
-2830
-7305
-7306
-160
-5514
-4745
-5198
-3024
-684
-2974
-6227
-10524
-6139
-7607
-7443
-1895
1831
7649
8376
7112
3202
8315
12155
3820
5556
-1248
2118
1246
922
-1092
-4071
1038
-1459
2398
4319
1581
2829
2075
-1227
-6375
-2500
-5769
-5188
-8729
-9247
562
1598
-880
-7831
-206
3491
-2193
1978
5537
8538
5489
2219
2326
5652
9050
4641
8833
2516
-1220
-2184
106
-748
-4802
2134
1076
1628
2706
-618
2365
-2722
-8043
-7044
-3574
-6504
-11446
-9303
-6357
1916
2045
1541
-8261
-9192
-3420
-6996
250
1565
6562
8850
4636
189
87
8720
4733
6883
4372
2767
1837
-1571
-1407
-2916
840
-3087
-224
4198
2207
358
-2813
-1230
-1993
415
3075
-2408
-4145
-6985
-503
5443
3472
-5376
-5103
2835
-4476
-3567
-998
5440
8117
5258
5601
4761
8121
2397
4590
4027
-3429
-2352
-2128
-311
-6100
-4321
838
649
4536
5143
7022
2412
-2507
-7519
-2716
-863
-10303
-8078
-8884
-3723
-970
-3603
-6786
-9809
-869
-1645
1284
515
3325
6306
5988
1501
-2228
5700
5695
3253
1290
-176
3869
1820
2553
1341
2194
4461
-1472
2936
4430
1510
-450
-1520
-5781
-6439
-3819
-6189
-4123
-5235
-40
8376
3261
-3237
-11056
-866
-3663
-5721
-2350
3243
6839
2537
2386
3929
7994
10340
9428
9314
914
-1521
-1728
2632
-2643
-4849
2743
109
637
-2457
-236
3200
3160
397
-173
-1423
-8911
-12243
-11233
-6788
-1715
-4274
-6311
-11958
-7257
-4560
-1854
1873
7006
11428
9781
4908
748
1676
9505
4574
3901
512
379
597
-2847
-4106
-2259
5509
6114
8650
4837
-744
-2866
-3224
-988
-6462
-7539
-6651
-5806
-6444
-6281
5562
7566
4088
-3623
-1045
2096
-3327
-3457
4036
9406
6431
3373
2291
3579
6543
1504
7804
3708
1526
4082
2505
-1589
-6740
-4370
2458
2271
-1975
-3480
-366
-375
-243
-608
-210
-4103
-7808
-5455
-5410
-865
-3084
-5471
-8503
-9486
-3277
-4492
-464
1390
2880
7926
5758
4439
4749
10261
4360
3939
-2731
-1256
1793
-3589
-3609
-4666
-889
2996
4421
7744
3193
749
-181
2996
-1522
-4838
-7399
-6463
-3496
-6601
-458
6453
2995
-7143
-7737
247
-979
1817
3397
7184
8886
-126
1173
2571
4214
1471
3694
3307
476
362
1813
1248
-2235
-336
5427
4019
4442
-2842
-235
311
-559
-1917
-771
-2827
-12170
-10191
-9331
-3155
3501
-513
-6543
-11672
-9882
-7961
-674
-561
1430
6044
4513
5103
33
6760
7975
6617
6246
3285
3722
3151
-4163
-3328
2040
4655
2887
6433
2375
-742
-4094
-2105
-962
125
293
-3747
-5104
-10001
-8237
4618
3716
-4500
-9761
-5121
-1479
-3127
962
5826
9039
7260
7090
4592
7608
3143
1437
7668
1493
-1320
1421
-1235
-3381
-5949
26
3692
7175
2712
2872
1917
-1024
-6253
-4707
-2006
-7719
-9631
-9590
-7007
-768
-669
-4310
-10254
-7279
-3119
-206
3943
2034
3517
8088
6592
1682
4235
5239
3293
2518
-675
439
4624
1084
970
348
3457
-1064
1164
917
-1563
-3265
-2271
-1137
-4480
-4441
-2888
-2883
-2307
-5525
2923
8550
1221
-10120
-5331
-68
-1257
1722
725
6465
5066
2557
4429
7181
8752
6411
8072
3445
-4330
-4464
-1660
-2237
-5982
-1524
1034
5183
1233
796
2655
4111
3298
-2012
-1333
-3600
-10261
-5716
-5154
-1532
290
-5602
-10737
-11362
-9548
-4378
2164
2510
7620
9739
7186
2463
-3270
3597
2662
2473
1420
-1224
1528
-987
-351
280
5657
5518
6231
6115
1436
-4385
-3822
3941
-631
-3697
-5634
-6586
-2487
-9171
-3323
5681
3626
-2588
-5219
-1529
-1320
-3160
-3551
3500
4488
4279
3746
2341
6831
4623
7468
7717
2395
-40
1076
1361
-3612
-2226
2761
6193
5257
-259
-726
536
185
-2132
-2319
-4359
-7654
-4273
-4541
-561
-2293
-7774
-10621
-14166
-9158
-6470
-641
-439
1147
6318
9573
9288
1700
5592
6006
5608
1738
594
1704
876
-677
-2324
2608
1860
2127
6493
636
-502
-2113
2144
2583
-4014
-8701
-9297
-6771
-7926
-3286
3603
4168
-5568
-9286
-1953
1111
3333
2050
3779
7519
3465
5341
4308
6059
4928
5276
7605
1061
-4957
-2018
-1109
-368
437
3700
5456
6645
-5609
-3556
-2717
-48
1141
-3325
-2957
-9863
-9565
-5679
-773
4060
2604
-5096
-10377
-10906
-8416
511
3015
-1428
3469
5487
7501
-1151
1770
4299
6897
8455
3881
2010
2392
-5045
-4098
-1558
2672
2487
7250
2022
-1825
-5268
445
4843
467
-182
-4142
-2701
-5444
-7734
3112
8047
-957
-8640
-8537
-2560
-3197
1530
-1801
6896
7704
9308
4706
5767
2354
-236
5458
2049
-1825
-1945
-1782
-585
-5704
2378
3839
12160
5630
-383
147
2438
2033
-2078
-417
-7510
-7729
-7317
-6288
-3757
-746
-3891
-7045
-8357
-4839
-4356
5576
-4247
-2080
965
5277
663
-235
3687
4700
3813
2426
2899
4048
2710
637
-1173
6118
-171
5714
7022
-3030
-4144
-3734
3579
-2821
-6168
-8183
-4371
-200
-3546
-537
6795
2557
-8538
-11887
-6196
-8044
2568
-2389
4969
3428
6948
7040
5341
9234
4902
8332
7686
1222
-2322
1539
241
-3873
-88
1379
7571
5624
-3860
-679
1643
8885
645
-976
-4803
-11871
-9551
-8333
-5836
-1960
-2872
-5532
-9059
-6701
-7059
3965
2646
2060
3808
8452
5732
-4132
3410
2730
5882
3837
1428
2364
-1168
-2791
-2569
4144
8332
5772
9885
361
-5210
-9918
2062
-2084
-4838
-6338
-7604
-398
-5824
-2156
4868
7836
-190
-6770
-3058
-3637
-2558
-1444
-25
4137
5608
8507
3015
4441
43
3396
6643
6513
1299
-825
2089
-4664
-7404
83
422
8032
-1504
-3049
1458
4570
924
-2566
-879
-5574
-3311
-6330
-751
-2041
-2937
-5948
-10387
-7424
-4114
-486
3701
-5644
-883
3120
13279
2455
1459
2256
2164
1211
-431
518
-2067
-242
-3331
2758
5780
1512
9983
4024
-592
-1454
868
6192
-4622
-5988
-7814
-2631
-6411
-3171
2096
8195
-1412
-11955
-9824
1111
2069
4775
-3387
1743
-250
7219
3334
3039
4242
38
8486
4025
1818
-2554
1229
2569
2201
3579
4567
9806
2488
-3485
470
1280
7810
-4955
-915
-9630
-9203
-9809
-3156
2998
2211
-2322
-10431
-14774
-10030
-4854
5754
-2509
-2927
-14
10632
4428
-874
1901
1420
10298
1184
5776
1864
-1017
-2191
875
4153
5122
5910
7836
-2757
-5915
-7327
7057
777
1341
-6382
-4480
-6718
-11401
-1980
5076
4504
-7330
-12036
-3028
-2388
4804
-1749
391
4901
7351
10083
5601
5479
-2155
8278
1901
4426
-3258
-1638
1463
-3213
-2401
2596
9499
13720
-1014
-1715
-2551
2991
-3932
-2781
-7104
-9702
-8186
-7609
811
537
-730
-7821
-8007
-6963
-4021
6661
2960
-3082
2000
3979
8991
-964
635
619
4430
-2776
-375
1854
5163
3502
-720
2329
1266
457
8531
-1263
-3645
-6708
2204
3384
-322
-4934
-8497
133
-5937
504
5029
6446
-3957
-8648
-7464
-3114
2237
7
-992
2605
220
6805
2549
10319
5845
5740
4854
-891
-5349
-4383
-404
-1251
-1316
-174
6869
14032
2783
-3530
223
6239
6371
-928
-496
-9959
-5157
-10770
-2524
1850
-893
-4836
-9498
-11245
-7412
-2207
6670
2292
4338
5079
7266
-4437
-1919
-574
1461
4974
-4169
1882
719
1269
-624
2636
5681
6514
11229
5960
-3715
-5665
-2306
5252
-1868
-2561
-9962
-2750
-9603
-6952
-111
6677
5290
-6175
-7188
-4190
-5006
-1679
-5428
116
4899
4800
3366
3698
5281
2172
8553
2072
4906
-2048
2146
65
-2077
236
3723
11964
8737
-3676
-602
-331
4989
-4557
-447
-3310
-2208
-7328
-7626
-3491
-5056
-3854
-10632
-8286
-8116
-3813
4377
-910
-808
3298
8989
10044
174
3143
451
6014
-3248
1611
-2045
1755
-2718
-91
2513
3074
6439
6778
1125
545
-2193
5107
-2534
-6927
-9338
-6223
-3449
-8264
-926
4221
6070
-5128
-8977
-5175
4024
6081
64
-778
3275
4153
9089
2334
6863
-1185
6679
741
2891
-3011
-1935
2392
3630
1709
2851
7780
4919
-2089
-2110
-695
6029
-1282
-3139
-3728
-5714
-3422
-9710
1065
846
1049
-5735
-7835
-9628
-2645
2253
1471
-2582
-989
2560
8292
1442
1978
111
9397
2707
1269
-545
-4342
-4487
-4148
4
3965
6036
7792
1844
-910
-2000
1145
4437
451
-1524
-5211
-572
-10892
-1311
555
4498
-802
-10032
-9647
-3740
1645
-462
-2034
4403
4813
7200
4085
3077
-3302
55
-110
814
403
-4150
877
-7
1593
138
7028
13737
5822
1276
2644
1887
4033
-3997
-3293
-5652
-4538
-11946
-3982
-2244
-1479
-4854
-6259
-4615
-3268
1670
971
-5758
-1694
-1125
3412
3907
1156
4318
5371
5527
-1747
2468
315
2717
-1383
1917
590
3137
8039
2328
578
-1620
-3344
3127
-2988
-2604
-6973
-323
-4567
-3369
1392
2804
-2398
-10436
-10737
-7444
2588
-164
-2108
3751
5248
4420
4607
6075
9354
4737
6712
-1215
423
-3611
-797
634
2731
-1654
2246
9531
5204
1830
2964
4556
7570
-967
-2905
-9361
-7626
-11062
-11278
86
-1800
-2293
-7868
-6755
-6297
323
3921
2181
2167
3232
3417
1309
-694
2190
3265
11307
-1889
483
-2939
