0	54.4375	-8.50443e-16	2963.44 
0.00250027	4.31458	0.137681	18.6345 
0.00500055	4.33577	0.279973	18.8773 
0.00750082	4.37281	0.4321	19.3081 
0.0100011	4.42865	0.600707	19.9738 
0.0125014	4.50836	0.795115	20.9575 
0.0150016	4.62049	1.02962	22.4091 
0.0175019	4.78012	1.32818	24.6136 
0.0200022	5.01576	1.73517	28.1686 
0.0225025	5.38816	2.34416	34.5273 
0.0250027	6.05274	3.39403	48.1551 
0.027503	7.56162	5.73292	90.0445 
0.0300033	14.3642	16.1979	468.702 
0.0325035	-10.1294	-21.4412	562.327 
0.0350038	-0.416558	-6.5257	42.7583 
0.0375041	1.34483	-3.84344	16.5806 
0.0400044	2.1109	-2.7083	11.7908 
0.0425046	2.56487	-2.07592	10.888 
0.0450049	2.89096	-1.67203	11.1533 
0.0475052	3.16498	-1.39492	11.9629 
0.0500055	3.43235	-1.20134	13.2242 
0.0525057	3.73723	-1.07602	15.1247 
0.055006	4.15201	-1.02792	18.2958 
0.0575063	4.86322	-1.11685	24.8982 
0.0600065	6.69275	-1.65157	47.5205 
0.0625068	35.107	-12.4556	1387.64 
0.0650071	-1.87202	1.98001	7.4249 
0.0675074	0.815242	1.10761	1.89143 
0.0700076	1.66629	0.952857	3.68444 
0.0725079	2.10745	0.972171	5.38647 
0.0750082	2.39462	1.0763	6.89264 
0.0775085	2.61129	1.24728	8.37452 
0.0800087	2.79527	1.49387	10.0452 
0.082509	2.97017	1.84944	12.2423 
0.0850093	3.15898	2.39254	15.7034 
0.0875095	3.4006	3.32412	22.6139 
0.0900098	3.80904	5.32288	42.8418 
0.0925101	5.12436	12.9566	194.133 
0.0950104	-1.70637	-29.9379	899.19 
0.0975106	2.10963	-6.83261	51.1352 
0.100011	2.70053	-3.7787	21.5715 
0.102511	3.00954	-2.55075	15.5636 
0.105011	3.24844	-1.87336	14.0618 
0.107512	3.47686	-1.43306	14.1422 
0.110012	3.72792	-1.11471	15.14 
0.112512	4.03549	-0.865157	17.0337 
0.115013	4.45307	-0.654922	20.2587 
0.117513	5.09225	-0.463038	26.1454 
0.120013	6.25608	-0.264981	39.2087 
0.122513	9.19974	0.00699191	84.6352 
0.125014	34.0742	1.33869	1162.84 
0.127514	-8.7034	-0.626633	76.1419 
0.130014	-2.12666	-0.189754	4.5587 
0.132514	-0.343872	0.0171664	0.118542 
0.135015	0.493984	0.185742	0.27852 
0.137515	0.983367	0.350552	1.0899 
0.140015	1.30351	0.528358	1.97829 
0.142516	1.5251	0.735461	2.86684 
0.145016	1.67838	0.99617	3.80932 
0.147516	1.77144	1.35682	4.97896 
0.150016	1.78799	1.92657	6.90861 
0.152517	1.64578	3.05009	12.0116 
0.155017	0.825893	6.72412	45.8959 
0.157517	11.2929	-32.5296	1185.71 
0.160017	4.05817	-4.45726	36.3359 
0.162518	3.62235	-2.20871	17.9998 
0.165018	3.55903	-1.32304	14.4171 
0.167518	3.61585	-0.810273	13.7309 
0.170019	3.74441	-0.442456	14.2164 
0.172519	3.94006	-0.133286	15.5419 
0.175019	4.22095	0.165514	17.8438 
0.177519	4.63393	0.497488	21.7208 
0.18002	5.28793	0.928703	28.8247 
0.18252	6.47842	1.61456	44.5767 
0.18502	9.35039	3.13495	97.2577 
0.18752	26.5581	11.852	845.805 
0.190021	-13.3603	-8.14266	244.801 
0.192521	-3.41092	-3.08105	21.1272 
0.195021	-1.09391	-1.85627	4.64237 
0.197522	-0.0522231	-1.27219	1.6212 
0.200022	0.545043	-0.909492	1.12425 
0.202522	0.934864	-0.646793	1.29231 
0.205022	1.20961	-0.434342	1.65182 
0.207523	1.41117	-0.245556	2.05169 
0.210023	1.55797	-0.0605771	2.43093 
0.212523	1.65094	0.145256	2.74669 
0.215023	1.65848	0.42846	2.93412 
0.217524	1.37652	1.05663	3.01129 
0.220024	24.3937	-27.481	1350.26 
0.222524	3.1893	-0.675483	10.6279 
0.225025	2.94327	-0.0889061	8.67074 
0.227525	2.94848	0.203175	8.73479 
0.230025	3.02875	0.43408	9.36176 
0.232525	3.15434	0.659137	10.3843 
0.235026	3.32416	0.907522	11.8736 
0.237526	3.5519	1.20878	14.0771 
0.240026	3.87017	1.60879	17.5664 
0.242526	4.35209	2.19971	23.7794 
0.245027	5.18838	3.21521	37.2569 
0.247527	7.06934	5.49568	80.1781 
0.250027	15.8857	16.206	514.99 
0.252528	-12.7061	-18.5881	506.961 
0.255028	-2.30611	-5.96384	40.8855 
0.257528	-0.28575	-3.53958	12.6103 
0.260028	0.607281	-2.49669	6.60227 
0.262529	1.13627	-1.91033	4.9405 
0.265029	1.5092	-1.53324	4.62852 
0.267529	1.80992	-1.273	4.89634 
0.270029	2.08497	-1.09028	5.53583 
0.27253	2.37372	-0.971612	6.57857 
0.27503	2.73331	-0.926663	8.32969 
0.27753	3.30417	-1.01553	11.9489 
0.280031	4.7102	-1.55364	24.5998 
0.282531	33.0139	-16.0895	1348.79 
0.285031	-1.19873	1.8885	5.00338 
0.287531	0.640175	1.11951	1.66312 
0.290032	1.27087	0.989286	2.59379 
0.292532	1.62526	1.02102	3.68395 
0.295032	1.87766	1.13486	4.81354 
0.297532	2.08771	1.3161	6.09065 
0.300033	2.28563	1.57588	7.70749 
0.302533	2.4953	1.95079	10.0321 
0.305033	2.74825	2.526	13.9335 
0.307534	3.11029	3.52017	22.0656 
0.310034	3.79322	5.68231	46.6772 
0.312534	6.26447	14.2817	243.211 
0.315034	-5.43074	-28.0942	818.774 
0.317535	0.518786	-7.0028	49.3083 
0.320035	1.46484	-3.94062	17.6743 
0.322535	1.91754	-2.69534	10.9418 
0.325035	2.2319	-2.00983	9.02081 
0.327536	2.50373	-1.56956	8.73216 
0.330036	2.77861	-1.25903	9.30584 
0.332536	3.09452	-1.02658	10.6299 
0.335037	3.50413	-0.847181	12.9966 
0.337537	4.11234	-0.710944	17.4168 
0.340037	5.20242	-0.625209	27.4561 
0.342537	7.96865	-0.657693	63.932 
0.345038	34.3362	-2.17719	1183.72 
0.347538	-7.67208	0.58511	59.2032 
0.350038	-2.16473	0.370007	4.82296 
0.352538	-0.606666	0.407123	0.533793 
0.355039	0.143081	0.504543	0.275036 
0.357539	0.59124	0.63704	0.755386 
0.360039	0.892596	0.804479	1.44391 
0.36254	1.10918	1.0184	2.26742 
0.36504	1.26849	1.30467	3.31124 
0.36754	1.37986	1.71857	4.8575 
0.37004	1.43414	2.39551	7.79522 
0.372541	1.37436	3.7727	16.1221 
0.375041	0.8192	8.48205	72.6163 
0.377541	6.98603	-32.5553	1108.65 
0.380041	3.11996	-5.30252	37.8508 
0.382542	2.88835	-2.72627	15.7751 
0.385042	2.8998	-1.71177	11.339 
0.387542	2.99696	-1.13735	10.2753 
0.390043	3.15211	-0.740414	10.484 
0.392543	3.36803	-0.423025	11.5226 
0.395043	3.66658	-0.133949	13.4618 
0.397543	4.09765	0.167448	16.8188 
0.400044	4.77501	0.535893	23.0879 
0.402544	6.00809	1.0937	37.2933 
0.405044	9.0174	2.29768	86.5928 
0.407544	28.4853	9.5848	903.282 
0.410045	-13.0787	-5.71791	203.748 
0.412545	-3.83935	-2.22282	19.6816 
0.415045	-1.59031	-1.31461	4.25729 
0.417546	-0.567107	-0.857737	1.05732 
0.420046	0.0215832	-0.556517	0.310177 
0.422546	0.404453	-0.322434	0.267546 
0.425046	0.670503	-0.116584	0.463166 
0.427547	0.858709	0.0857285	0.74473 
0.430047	0.982927	0.309773	1.06211 
0.432547	1.03376	0.598975	1.42743 
0.435047	0.947697	1.07284	2.04911 
0.437548	0.344996	2.34681	5.62653 
0.440048	20.6693	-29.549	1300.36 
0.442548	3.28044	-1.67998	13.5836 
0.445049	2.81679	-0.619154	8.31764 
0.447549	2.75171	-0.165729	7.5994 
0.450049	2.80384	0.141338	7.88149 
0.452549	2.92103	0.406108	8.69733 
0.45505	3.0957	0.673742	10.0373 
0.45755	3.34087	0.979517	12.1209 
0.46005	3.69291	1.37007	15.5147 
0.46255	4.23633	1.93371	21.6857 
0.465051	5.19525	2.89199	35.3542 
0.467551	7.39662	5.05118	80.2245 
0.470051	18.3465	15.712	583.458 
0.472552	-13.9695	-15.7079	441.884 
0.475052	-3.26971	-5.30115	38.7932 
0.477552	-1.07748	-3.17367	11.2331 
0.480052	-0.105949	-2.24003	5.02894 
0.482553	0.46226	-1.70712	3.12796 
0.485053	0.852373	-1.35898	2.57337 
0.487553	1.15391	-1.11389	2.57225 
0.490053	1.41339	-0.936438	2.8746 
0.492554	1.6647	-0.813591	3.43314 
0.495054	1.94893	-0.751702	4.36338 
0.497554	2.35787	-0.798572	6.19725 
0.500055	3.29614	-1.2159	12.3429 
0.502555	30.9466	-19.5589	1340.24 
0.505055	-0.136957	1.49406	2.25096 
0.507555	0.958871	0.967069	1.85466 
0.510056	1.37857	0.905887	2.72108 
0.512556	1.64226	0.970518	3.63893 
0.515056	1.85251	1.10447	4.65164 
0.517556	2.0477	1.3006	5.88466 
0.520057	2.25161	1.57385	7.54675 
0.522557	2.48933	1.96393	10.0538 
0.525057	2.80238	2.56091	14.4116 
0.527558	3.28728	3.59613	23.7384 
0.530058	4.26961	5.87276	52.7189 
0.532558	8.13273	15.3125	300.613 
0.535058	-8.36714	-25.8933	740.475 
0.537559	-0.687007	-6.9792	49.1813 
0.540059	0.595969	-3.99215	16.2924 
0.542559	1.18355	-2.76165	9.02753 
0.545059	1.56501	-2.08346	6.79008 
0.54756	1.87125	-1.6509	6.22705 
0.55006	2.15996	-1.35116	6.49104 
0.55256	2.47257	-1.13504	7.4019 
0.555061	2.85969	-0.981659	9.14147 
0.557561	3.41657	-0.890379	12.4657 
0.560061	4.39783	-0.894857	20.1417 
0.562561	6.89577	-1.17927	48.9423 
0.565062	34.391	-5.86093	1217.09 
0.567562	-6.25347	1.41914	41.1198 
0.570062	-1.81184	0.783748	3.89704 
0.572562	-0.501022	0.704152	0.746853 
0.575063	0.146278	0.752763	0.58805 
0.577563	0.543892	0.864473	1.04313 
0.580063	0.820648	1.02782	1.72988 
0.582564	1.02957	1.25164	2.62662 
0.585064	1.19605	1.56406	3.87684 
0.587564	1.33264	2.02936	5.89422 
0.590064	1.44292	2.80863	9.97039 
0.592565	1.51479	4.43158	21.9334 
0.595065	1.43793	10.2144	106.402 
0.597565	3.02769	-32.0381	1035.61 
0.600065	2.25144	-6.007	41.1531 
0.602566	2.28834	-3.18128	15.3571 
0.605066	2.39755	-2.063	10.0042 
0.607566	2.54397	-1.43869	8.54162 
0.610067	2.72784	-1.01927	8.48002 
0.612567	2.96167	-0.697869	9.25849 
0.615067	3.27159	-0.421478	10.881 
0.617567	3.70974	-0.153119	13.7856 
0.620068	4.39182	0.149695	19.3105 
0.622568	5.63296	0.573721	32.0594 
0.625068	8.69828	1.43859	77.7296 
0.627568	30.31	6.89735	966.269 
0.630069	-12.2602	-3.57233	163.074 
0.632569	-3.896	-1.40628	17.1565 
0.635069	-1.77345	-0.787612	3.76545 
0.63757	-0.795915	-0.448756	0.834862 
0.64007	-0.230683	-0.204068	0.0948581 
0.64257	0.136901	0.00512612	0.0187682 
0.64507	0.390487	0.208074	0.195775 
0.647571	0.565853	0.428499	0.503801 
0.650071	0.673412	0.698445	0.941309 
0.652571	0.697188	1.08333	1.65967 
0.655071	0.553565	1.77709	3.46449 
0.657572	-0.258431	3.82812	14.7213 
0.660072	16.8701	-31.1068	1252.24 
0.662572	3.2777	-2.71664	18.1234 
0.665073	2.7265	-1.19028	8.85055 
0.667573	2.63093	-0.572635	7.2497 
0.670073	2.67198	-0.187718	7.17469 
0.672573	2.78847	0.116805	7.78921 
0.675074	2.97056	0.402036	8.98584 
0.677574	3.23203	0.708626	10.9482 
0.680074	3.61323	1.08297	14.2283 
0.682574	4.20903	1.60714	20.2989 
0.685075	5.27395	2.48374	33.9836 
0.687575	7.76421	4.4584	80.1602 
0.690075	20.9554	14.7352	656.256 
0.692576	-14.6074	-12.8484	378.457 
0.695076	-3.93548	-4.53747	36.0766 
0.697576	-1.6375	-2.73248	10.1479 
0.700076	-0.614333	-1.92122	4.06849 
0.702577	-0.0212043	-1.44809	2.09741 
0.705077	0.377501	-1.13102	1.4217 
0.707577	0.674505	-0.89983	1.26465 
0.710077	0.915364	-0.722808	1.36034 
0.712578	1.12816	-0.585826	1.61595 
0.715078	1.33818	-0.48767	2.02853 
0.717578	1.58877	-0.450308	2.72697 
0.720079	2.05567	-0.611905	4.60021 
0.722579	28.5053	-22.7583	1330.49 
0.725079	0.847932	0.860097	1.45876 
0.727579	1.3334	0.680928	2.24163 
0.73008	1.57161	0.725441	2.99622 
0.73258	1.75631	0.839828	3.78994 
0.73508	1.93022	1.00199	4.72974 
0.73758	2.11386	1.21594	5.94692 
0.740081	2.32598	1.50139	7.66437 
0.742581	2.59376	1.90088	10.341 
0.745081	2.96982	2.50729	15.1063 
0.747582	3.58408	3.55868	25.5098 
0.750082	4.88858	5.89248	58.6195 
0.752582	10.3759	15.9982	363.603 
0.755082	-10.765	-23.3996	663.428 
0.757583	-1.75408	-6.75916	48.763 
0.760083	-0.162247	-3.92297	15.416 
0.762583	0.551535	-2.73783	7.79988 
0.765083	0.995146	-2.08186	5.32446 
0.767584	1.3317	-1.6643	4.54333 
0.770084	1.62989	-1.37782	4.55492 
0.772584	1.93386	-1.17641	5.12375 
0.775085	2.29097	-1.04275	6.33585 
0.777585	2.78422	-0.982871	8.71794 
0.780085	3.63179	-1.049	14.2903 
0.782585	5.78469	-1.5117	35.7479 
0.785086	33.9908	-9.61672	1247.86 
0.787586	-4.73487	1.88868	25.9861 
0.790086	-1.31303	1.04573	2.81758 
0.792586	-0.255561	0.903096	0.880894 
0.795087	0.284609	0.925932	0.938353 
0.797587	0.629385	1.02856	1.45406 
0.800087	0.881392	1.19378	2.20195 
0.802588	1.08478	1.42969	3.22075 
0.805088	1.2636	1.76727	4.71993 
0.807588	1.43566	2.27931	7.25637 
0.810088	1.6228	3.15079	12.5609 
0.812589	1.87772	4.99968	28.5226 
0.815089	2.51352	11.8553	146.866 
0.817589	-0.662868	-31.0028	961.61 
0.820089	1.32781	-6.53737	44.5003 
0.82259	1.67922	-3.54815	15.4092 
0.82509	1.90544	-2.35548	9.17897 
0.82759	2.1099	-1.69532	7.3258 
0.830091	2.32574	-1.26113	6.99953 
0.832591	2.5769	-0.940103	7.52422 
0.835091	2.89398	-0.678711	8.83575 
0.837591	3.33031	-0.444156	11.2883 
0.840092	4.00048	-0.206418	16.0464 
0.842592	5.21622	0.0851562	27.2162 
0.845092	8.25158	0.60595	68.4557 
0.847592	31.8257	3.8453	1027.66 
0.850093	-11.0995	-1.74646	126.249 
0.852593	-3.72489	-0.662282	14.3134 
0.855093	-1.77656	-0.295907	3.24374 
0.857594	-0.866572	-0.0611359	0.754685 
0.860094	-0.335895	0.134324	0.130868 
0.862594	0.0112848	0.323378	0.104701 
0.865094	0.251668	0.527192	0.341268 
0.867595	0.417791	0.769469	0.766633 
0.870095	0.518098	1.09013	1.45681 
0.872595	0.534544	1.57901	2.77902 
0.875095	0.378002	2.51375	6.46182 
0.877596	-0.498352	5.45703	30.0275 
0.880096	12.978	-32.1202	1200.14 
0.882596	3.08582	-3.72867	23.4252 
0.885097	2.56603	-1.76999	9.71737 
0.887597	2.47958	-0.994167	7.13671 
0.890097	2.52763	-0.53396	6.67403 
0.892597	2.65222	-0.191855	7.0711 
0.895098	2.84517	0.108266	8.10673 
0.897598	3.12236	0.411756	9.91866 
0.900098	3.52797	0.763751	13.0299 
0.902598	4.1657	1.23787	18.8854 
0.905099	5.31577	2.01169	32.3043 
0.907599	8.04975	3.7447	78.8213 
0.910099	23.5395	13.2735	730.293 
0.9126	-14.7295	-10.0875	318.717 
0.9151	-4.37383	-3.70787	32.8787 
0.9176	-2.03685	-2.23583	9.14767 
0.9201	-0.989287	-1.554	3.3936 
0.922601	-0.385116	-1.14391	1.45684 
0.925101	0.0146399	-0.858375	0.737022 
0.927601	0.303412	-0.639004	0.500385 
0.930101	0.524917	-0.457264	0.484629 
0.932602	0.701562	-0.296356	0.580017 
0.935102	0.843929	-0.143203	0.732723 
0.937602	0.950235	0.019965	0.903345 
0.940103	0.971782	0.256022	1.00991 
0.942603	25.6673	-25.6064	1314.5 
0.945103	1.65092	0.0403157	2.72716 
0.947603	1.66752	0.282316	2.86032 
0.950104	1.76052	0.460827	3.31178 
0.952604	1.88183	0.638207	3.94861 
0.955104	2.02757	0.834725	4.80782 
0.957604	2.20432	1.06813	5.99995 
0.960105	2.42735	1.36364	7.75152 
0.962605	2.7267	1.76599	10.5536 
0.965105	3.16667	2.36856	15.6379 
0.967606	3.91197	3.40953	26.9285 
0.970106	5.54947	5.73747	63.7152 
0.972606	12.8732	16.2875	431 
0.975106	-12.6515	-20.6926	588.243 
0.977607	-2.7023	-6.35745	47.7196 
0.980107	-0.84338	-3.73698	14.6763 
0.982607	-0.0175461	-2.62448	6.88819 
0.985107	0.48094	-2.00408	4.24764 
0.987608	0.842931	-1.6078	3.29554 
0.990108	1.14654	-1.33611	3.09976 
0.992608	1.43766	-1.14675	3.38191 
0.995109	1.75939	-1.02502	4.14613 
0.997609	2.18048	-0.980419	5.71572 
1.00011	2.87632	-1.07395	9.42655 
1.00261	4.62171	-1.62114	23.9883 
1.00511	33.0738	-13.3508	1272.12 
1.00761	-3.23395	2.01396	14.5145 
1.01011	-0.753356	1.15215	1.89499 
1.01261	0.0565225	0.998437	1.00007 
1.01511	0.490563	1.01825	1.27748 
1.01761	0.783422	1.12324	1.87541 
1.02011	1.01244	1.29579	2.70411 
1.02261	1.21346	1.54514	3.85994 
1.02511	1.41008	1.90543	5.61901 
1.02761	1.62731	2.45703	8.68516 
1.03011	1.91042	3.40574	15.2488 
1.03261	2.39628	5.44918	35.4357 
1.03511	3.9902	13.3339	193.715 
1.03761	-4.0503	-29.4922	886.195 
1.04011	0.348646	-6.87339	47.3651 
1.04261	1.03961	-3.80959	15.5938 
1.04511	1.39515	-2.57453	8.57463 
1.04761	1.66338	-1.89392	6.35378 
1.05011	1.91301	-1.45318	5.77134 
1.05261	2.18031	-1.13674	6.04593 
1.05512	2.50021	-0.89175	7.04629 
1.05762	2.92615	-0.689851	9.03823 
1.06012	3.56833	-0.512985	12.9962 
1.06262	4.72572	-0.345019	22.4515 
1.06512	7.6421	-0.15339	58.4253 
1.06762	32.9304	0.494421	1084.65 
1.07012	-9.70405	-0.270252	94.2416 
1.07262	-3.38578	-0.0196893	11.4639 
1.07512	-1.64887	0.139595	2.73826 
1.07762	-0.82391	0.288127	0.761844 
1.08012	-0.336408	0.443612	0.309962 
1.08262	-0.0130543	0.618058	0.382166 
1.08512	0.21474	0.826384	0.729024 
1.08762	0.376478	1.09321	1.33684 
1.09012	0.480381	1.46709	2.38311 
1.09262	0.511444	2.06375	4.52064 
1.09512	0.391965	3.25086	10.7217 
1.09762	-0.373867	7.17895	51.6771 
1.10012	9.05124	-32.573	1142.93 
1.10262	2.69105	-4.66568	29.0103 
1.10512	2.30549	-2.3283	10.7363 
1.10762	2.26453	-1.40838	7.11164 
1.11012	2.33649	-0.879314	6.2324 
1.11262	2.47736	-0.503756	6.39107 
1.11512	2.68408	-0.192261	7.24125 
1.11762	2.97568	0.104298	8.86554 
1.12012	3.39983	0.428815	11.7427 
1.12262	4.06693	0.844628	17.2533 
1.12512	5.27669	1.49916	30.0909 
1.12762	8.19563	2.9431	75.8301 
1.13012	25.9829	11.3388	803.682 
1.13262	-14.4021	-7.49746	263.632 
1.13512	-4.60747	-2.85035	29.3533 
1.13762	-2.29655	-1.70697	8.18788 
1.14012	-1.2518	-1.15546	2.90211 
1.14262	-0.650286	-0.808588	1.07669 
1.14512	-0.256508	-0.553431	0.372083 
1.14763	0.0212621	-0.343049	0.118135 
1.15013	0.224216	-0.151413	0.0731988 
1.15263	0.36956	0.0425531	0.138386 
1.15513	0.455325	0.267879	0.27908 
1.15763	0.440963	0.595711	0.549319 
1.16013	0.0743337	1.37285	1.89024 
1.16263	22.4696	-28.0328	1290.72 
1.16513	2.22401	-0.908811	5.77217 
1.16763	1.91493	-0.20399	3.70858 
1.17013	1.903	0.127721	3.6377 
1.17263	1.9788	0.377271	4.05799 
1.17513	2.10569	0.6121	4.80862 
1.17763	2.28055	0.865346	5.94974 
1.18013	2.51676	1.168	7.69829 
1.18263	2.84783	1.56624	10.5632 
1.18513	3.34981	2.15147	15.85 
1.18763	4.22199	3.15499	27.7792 
1.19013	6.18929	5.41114	67.5877 
1.19263	15.5319	16.1385	501.691 
1.19513	-14.0314	-17.8563	515.729 
1.19763	-3.51983	-5.79724	45.9972 
1.20013	-1.44672	-3.44422	13.9556 
1.20263	-0.527991	-2.42723	6.1702 
1.20513	0.0156895	-1.85357	3.43596 
1.20763	0.397249	-1.48349	2.35856 
1.21013	0.702184	-1.22716	1.99899 
1.21263	0.977136	-1.04624	2.04941 
1.21513	1.26013	-0.927487	2.44815 
1.21763	1.60432	-0.880142	3.3485 
1.22013	2.13807	-0.962445	5.49764 
1.22263	3.43185	-1.48241	13.9752 
1.22513	31.6255	-16.9692	1288.13 
1.22763	-1.83127	1.82594	6.68762 
1.23013	-0.187374	1.10591	1.25814 
1.23263	0.391166	0.989105	1.13134 
1.23513	0.725024	1.02729	1.58099 
1.23763	0.969491	1.14529	2.2516 
1.24014	1.17859	1.32989	3.15768 
1.24264	1.38081	1.59308	4.44454 
1.24514	1.60025	1.97225	6.45058 
1.24764	1.87082	2.55398	10.0228 
1.25014	2.26572	3.56061	17.8114 
1.25264	3.02387	5.75642	42.2802 
1.25514	5.82451	14.5803	246.51 
1.25764	-7.08327	-27.563	809.892 
1.26014	-0.659304	-7.00511	49.5063 
1.26264	0.375784	-3.9542	15.7769 
1.26514	0.865517	-2.70965	8.09134 
1.26764	1.19971	-2.02455	5.53809 
1.27014	1.48316	-1.58551	4.71359 
1.27264	1.76455	-1.27743	4.74548 
1.27514	2.08279	-1.04919	5.43884 
1.27764	2.49015	-0.876849	6.9697 
1.28014	3.08937	-0.753026	10.1113 
1.28264	4.15734	-0.692276	17.7627 
1.28514	6.86658	-0.793744	47.78 
1.28764	33.5557	-3.07904	1135.47 
1.29014	-8.16278	0.83963	67.3359 
1.29264	-2.92265	0.497955	8.78985 
1.29514	-1.42295	0.500726	2.27552 
1.29764	-0.695764	0.583744	0.824845 
1.30014	-0.257528	0.709914	0.570299 
1.30264	0.0401189	0.875732	0.768516 
1.30514	0.256961	1.09187	1.2582 
1.30764	0.419914	1.38469	2.0937 
1.31014	0.538912	1.81175	3.57288 
1.31264	0.607475	2.51502	6.69434 
1.31514	0.578028	3.95505	15.9765 
1.31764	0.123909	8.93153	79.7876 
1.32014	5.16731	-32.4659	1080.74 
1.32264	2.10646	-5.48398	34.5112 
1.32514	1.93887	-2.83743	11.8102 
1.32764	1.9748	-1.79435	7.11953 
1.33015	2.08544	-1.20622	5.80404 
1.33265	2.24951	-0.802981	5.70509 
1.33515	2.47201	-0.484189	6.34529 
1.33765	2.77586	-0.198049	7.7446 
1.34015	3.21157	0.0952178	10.3233 
1.34265	3.89369	0.447328	15.361 
1.34515	5.1339	0.971835	27.3014 
1.34765	8.16702	2.09222	71.0775 
1.35015	28.188	8.95803	874.811 
1.35265	-13.6874	-5.14182	213.783 
1.35515	-4.65219	-2.00298	25.6548 
1.35765	-2.42796	-1.17039	7.2648 
1.36015	-1.41205	-0.744195	2.54772 
1.36265	-0.826207	-0.457729	0.892134 
1.36515	-0.444743	-0.230293	0.250831 
1.36765	-0.17983	-0.0255341	0.0329907 
1.37015	0.00672367	0.180911	0.0327741 
1.37265	0.12779	0.415892	0.189296 
1.37515	0.171935	0.728074	0.559654 
1.37765	0.0693836	1.25464	1.57893 
1.38015	-0.595941	2.71171	7.70849 
1.38265	18.974	-29.9796	1258.79 
1.38515	2.54408	-1.92957	10.1956 
1.38765	2.04825	-0.750131	4.75804 
1.39015	1.9734	-0.255427	3.95956 
1.39265	2.02271	0.0711735	4.09642 
1.39515	2.14056	0.345995	4.7017 
1.39765	2.31841	0.618237	5.75724 
1.40015	2.56934	0.92457	7.45632 
1.40265	2.9307	1.31167	10.3095 
1.40515	3.48973	1.8665	15.662 
1.40765	4.47853	2.80647	27.9335 
1.41015	6.75741	4.92513	69.9195 
1.41265	18.2627	15.5223	574.47 
1.41515	-14.9137	-14.9758	446.694 
1.41765	-4.19006	-5.1081	43.6493 
1.42015	-1.96353	-3.0597	13.2172 
1.42266	-0.975003	-2.15577	5.59796 
1.42516	-0.397741	-1.63739	2.83923 
1.42766	-0.00324748	-1.29691	1.68198 
1.43016	0.299031	-1.05546	1.20341 
1.43266	0.555473	-0.878591	1.08047 
1.43516	0.798501	-0.75314	1.20482 
1.43766	1.0652	-0.683966	1.60247 
1.44016	1.43507	-0.713688	2.56878 
1.44266	2.25571	-1.07991	6.25443 
1.44516	29.6582	-20.3806	1294.98 
1.44766	-0.589257	1.36511	2.21075 
1.45016	0.341889	0.916703	0.957232 
1.45266	0.714328	0.878897	1.28273 
1.45516	0.958271	0.954555	1.82946 
1.45766	1.16008	1.09489	2.54456 
1.46016	1.35331	1.29527	3.50917 
1.46266	1.56035	1.57172	4.90502 
1.46516	1.80673	1.96475	7.12449 
1.46766	2.13666	2.5653	11.1461 
1.47016	2.65485	3.60699	20.0586 
1.47266	3.71756	5.90362	48.673 
1.47516	7.96816	15.5287	304.631 
1.47766	-9.7138	-25.2827	733.573 
1.48016	-1.66113	-6.93245	50.8183 
1.48266	-0.296234	-3.97651	15.9004 
1.48516	0.325262	-2.75463	7.69376 
1.48766	0.724074	-2.08066	4.85344 
1.49016	1.03953	-1.65121	3.80713 
1.49266	1.3322	-1.3546	3.60969 
1.49516	1.64428	-1.14236	4.00864 
1.49766	2.02566	-0.994584	5.09251 
1.50016	2.56876	-0.912566	7.43129 
1.50266	3.51972	-0.935435	13.2635 
1.50516	5.93897	-1.27231	36.8902 
1.50766	33.6549	-6.79037	1178.76 
1.51016	-6.55732	1.58016	45.4953 
1.51266	-2.37609	0.873576	6.40893 
1.51517	-1.12763	0.773151	1.8693 
1.51767	-0.505893	0.813126	0.917101 
1.52017	-0.120363	0.921458	0.863572 
1.52267	0.151196	1.08473	1.1995 
1.52517	0.359552	1.31141	1.84907 
1.52767	0.529681	1.6303	2.93844 
1.53017	0.675263	2.10786	4.89905 
1.53267	0.803953	2.91141	9.12264 
1.53517	0.918035	4.59336	21.9418 
1.53767	0.998392	10.647	114.355 
1.54017	1.40786	-31.8161	1014.24 
1.54267	1.35865	-6.14777	39.641 
1.54517	1.47194	-3.27276	12.8776 
1.54767	1.60995	-2.13292	7.14127 
1.55017	1.77121	-1.49822	5.38186 
1.55267	1.96382	-1.07435	5.01081 
1.55517	2.20304	-0.752625	5.41985 
1.55767	2.51613	-0.479808	6.56111 
1.56017	2.9556	-0.219927	8.78394 
1.56267	3.63719	0.0663724	13.2336 
1.56517	4.87605	0.456761	23.9845 
1.56767	7.94305	1.23504	64.6173 
1.57017	30.0676	6.17327	942.171 
1.57267	-12.6519	-3.07322	169.516 
1.57517	-4.52621	-1.20196	21.9313 
1.57767	-2.44237	-0.650436	6.38823 
1.58017	-1.47899	-0.339164	2.30244 
1.58267	-0.920589	-0.107592	0.85906 
1.58517	-0.55683	0.0960724	0.319289 
1.58767	-0.30567	0.298889	0.182769 
1.59017	-0.132152	0.524487	0.29255 
1.59267	-0.0265058	0.806793	0.651617 
1.59517	-0.00567809	1.21716	1.4815 
1.59767	-0.156137	1.96975	3.90429 
1.60017	-0.998282	4.23456	18.928 
1.60267	15.2558	-31.4034	1218.91 
1.60518	2.60438	-2.96518	15.5751 
1.60768	2.05127	-1.32638	5.96697 
1.61018	1.95517	-0.668144	4.26911 
1.61268	1.9971	-0.263934	4.05809 
1.61518	2.11561	0.0503077	4.47835 
1.61768	2.3009	0.339571	5.40947 
1.62018	2.56718	0.645759	7.00744 
1.62268	2.95577	1.01505	9.7669 
1.62518	3.56393	1.52758	15.0351 
1.62768	4.65312	2.38023	27.3171 
1.63018	7.21007	4.29933	70.4693 
1.63268	20.9754	14.4237	648.011 
1.63518	-15.3185	-12.1338	381.884 
1.63768	-4.69968	-4.32428	40.7864 
1.64018	-2.38494	-2.60241	12.4605 
1.64268	-1.35234	-1.8232	5.15288 
1.64518	-0.754422	-1.36569	2.43425 
1.64768	-0.354051	-1.05654	1.24163 
1.65018	-0.0580952	-0.828537	0.689849 
1.65268	0.178613	-0.650813	0.45546 
1.65518	0.382712	-0.508724	0.405268 
1.65768	0.575641	-0.398479	0.490147 
1.66018	0.789017	-0.333385	0.733693 
1.66268	1.14124	-0.408715	1.46947 
1.66518	27.2034	-23.4989	1292.22 
1.66768	0.443225	0.679647	0.658369 
1.67018	0.798266	0.600509	0.99784 
1.67268	0.997092	0.676333	1.45162 
1.67518	1.16496	0.80544	2.00587 
1.67768	1.33162	0.975738	2.72527 
1.68018	1.51371	1.19447	3.71806 
1.68268	1.72894	1.48269	5.1876 
1.68518	2.00517	1.88354	7.56844 
1.68768	2.39789	2.49027	11.9513 
1.69018	3.0457	3.54159	21.8192 
1.69268	4.43384	5.88002	54.2336 
1.69518	10.3635	16.1199	367.253 
1.69769	-11.9043	-22.7273	658.242 
1.70019	-2.62096	-6.66465	51.2869 
1.70269	-0.957128	-3.87695	15.9468 
1.70519	-0.213121	-2.70761	7.37655 
1.70769	0.245609	-2.05937	4.30134 
1.71019	0.589607	-1.6466	3.05893 
1.71269	0.890101	-1.36371	2.65198 
1.71519	1.19176	-1.1656	2.77892 
1.71769	1.54097	-1.03571	3.44727 
1.72019	2.01732	-0.981251	5.03245 
1.72269	2.82877	-1.05766	9.12058 
1.72519	4.88521	-1.5511	26.2712 
1.72769	33.199	-10.549	1213.45 
1.73019	-4.96413	1.96159	28.4904 
1.73269	-1.7864	1.09723	4.39513 
1.73519	-0.791508	0.947065	1.52342 
1.73769	-0.277754	0.967053	1.01234 
1.74019	0.0543018	1.06923	1.1462 
1.74269	0.300812	1.23581	1.61772 
1.74519	0.503775	1.47502	2.42946 
1.74769	0.687039	1.8186	3.77932 
1.75019	0.870043	2.34134	6.23886 
1.75269	1.08004	3.23379	11.6239 
1.75519	1.38907	5.13489	28.2966 
1.75769	2.24236	12.2546	155.203 
1.76019	-2.14821	-30.6562	944.414 
1.76269	0.481899	-6.63015	44.1912 
1.76519	0.917408	-3.61384	13.9015 
1.76769	1.17563	-2.40745	7.17791 
1.77019	1.39613	-1.74066	4.97908 
1.77269	1.62078	-1.30403	4.32741 
1.77519	1.87656	-0.983759	4.48925 
1.77769	2.19518	-0.726374	5.34643 
1.78019	2.63012	-0.500181	7.1677 
1.78269	3.29516	-0.278237	10.9355 
1.78519	4.49971	-0.0187842	20.2478 
1.78769	7.51403	0.41724	56.6348 
1.7902	31.5444	3.04048	1004.3 
1.7927	-11.3675	-1.3319	130.994 
1.7952	-4.25304	-0.480009	18.3188 
1.7977	-2.35431	-0.17007	5.5717 
1.8002	-1.46381	0.041275	2.14443 
1.8027	-0.942874	0.225788	0.939992 
1.8052	-0.601042	0.410651	0.529886 
1.8077	-0.363555	0.615279	0.510741 
1.8102	-0.198665	0.863523	0.78514 
1.8127	-0.0981594	1.19741	1.44343 
1.8152	-0.0798163	1.71318	2.94136 
1.8177	-0.231571	2.71058	7.40086 
1.8202	-1.09739	5.89325	35.9347 
1.8227	11.398	-32.276	1171.66 
1.8252	2.41066	-3.96188	21.5078 
1.8277	1.91591	-1.90245	7.29003 
1.8302	1.83795	-1.08885	4.56365 
1.8327	1.89079	-0.610606	3.94793 
1.8352	2.01905	-0.259634	4.14397 
1.8377	2.21552	0.0437148	4.91044 
1.8402	2.49678	0.345835	6.35351 
1.8427	2.90793	0.691388	8.9341 
1.8452	3.55459	1.15157	13.9612 
1.8477	4.72247	1.89683	25.8997 
1.8502	7.50917	3.56135	69.0708 
1.8527	23.578	12.8428	720.859 
1.8552	-15.2786	-9.40814	321.949 
1.8577	-5.04217	-3.48293	37.5543 
1.8602	-2.70547	-2.09427	11.7055 
1.8627	-1.65583	-1.44527	4.83057 
1.8652	-1.05079	-1.05112	2.20903 
1.8677	-0.651648	-0.773358	1.02273 
1.8702	-0.365163	-0.556513	0.44305 
1.8727	-0.148198	-0.372753	0.160907 
1.8752	0.0202885	-0.204353	0.0421716 
1.8777	0.14749	-0.0346075	0.022951 
1.88021	0.221176	0.166388	0.0766038 
1.88271	0.138948	0.52479	0.294712 
1.88521	24.3084	-26.246	1279.75 
1.88771	1.22929	-0.176692	1.54239 
1.89021	1.15103	0.178724	1.3568 
1.89271	1.21402	0.394249	1.62927 
1.89521	1.32238	0.589057	2.09568 
1.89771	1.46269	0.794923	2.77136 
1.90021	1.63869	1.03334	3.75308 
1.90271	1.86502	1.33096	5.24974 
1.90521	2.17256	1.73296	7.72317 
1.90771	2.62857	2.33247	12.3498 
1.91021	3.4065	3.3666	22.9383 
1.91271	5.12778	5.68279	58.5883 
1.91521	12.9423	16.3041	433.326 
1.91771	-13.631	-19.9785	584.943 
1.92021	-3.50612	-6.21929	50.9724 
1.92271	-1.58797	-3.66158	15.9288 
1.92521	-0.736707	-2.57106	7.15307 
1.92771	-0.225741	-1.96141	3.89808 
1.93021	0.141889	-1.57127	2.48902 
1.93271	0.446353	-1.3034	1.8981 
1.93521	0.733831	-1.11651	1.7851 
1.93771	1.04621	-0.99638	2.08732 
1.94021	1.44842	-0.952815	3.00578 
1.94271	2.10437	-1.04727	5.52515 
1.94521	3.73992	-1.59875	16.543 
1.94771	32.176	-14.2612	1238.68 
1.95021	-3.45436	2.00654	15.9588 
1.95271	-1.19424	1.16639	2.78669 
1.95521	-0.444201	1.01766	1.23294 
1.95771	-0.035934	1.04017	1.08324 
1.96021	0.244454	1.14749	1.37649 
1.96271	0.46823	1.32268	1.96873 
1.96521	0.669295	1.57553	2.93024 
1.96771	0.871279	1.94099	4.52658 
1.97021	1.10127	2.50114	7.46851 
1.97272	1.41115	3.46638	14.0071 
1.97522	1.96182	5.55242	34.6781 
1.97772	3.83521	13.6831	201.936 
1.98022	-5.42966	-29.0331	872.4 
1.98272	-0.485958	-6.91373	48.0358 
1.98522	0.291728	-3.84506	14.8696 
1.98772	0.680804	-2.6045	7.24692 
1.99022	0.965558	-1.92124	4.62347 
1.99272	1.22378	-1.48013	3.68842 
1.99522	1.49488	-1.16543	3.59288 
1.99772	1.81482	-0.924623	4.1485 
2.00022	2.23686	-0.730477	5.53714 
2.00272	2.86964	-0.567764	8.55719 
2.00522	4.00742	-0.428496	16.2431 
2.00772	6.88001	-0.314598	47.4336 
2.01022	32.5516	-0.371889	1059.74 
2.01272	-9.91066	0.0553398	98.2242 
2.01522	-3.86248	0.135122	14.937 
2.01772	-2.18311	0.250269	4.82861 
2.02022	-1.38168	0.38036	2.05372 
2.02272	-0.906081	0.527477	1.09921 
2.02522	-0.589075	0.699216	0.835912 
2.02772	-0.364238	0.90924	0.959387 
2.03022	-0.202766	1.18253	1.4395 
2.03272	-0.0961967	1.56989	2.47381 
2.03522	-0.0579203	2.19363	4.81539 
2.03772	-0.159893	3.44461	11.8909 
2.04022	-0.867412	7.63102	58.9848 
2.04272	7.48663	-32.5856	1117.87 
2.04522	1.97822	-4.87086	27.6386 
2.04772	1.64021	-2.44884	8.68709 
2.05022	1.61576	-1.49579	4.84805 
2.05272	1.69607	-0.950833	3.78075 
2.05522	1.8421	-0.5677	3.71561 
2.05772	2.05256	-0.253942	4.27749 
2.06022	2.34739	0.0403439	5.51188 
2.06272	2.77506	0.357349	7.82864 
2.06523	3.44725	0.757599	12.4575 
2.06773	4.66743	1.38031	23.6902 
2.07023	7.62199	2.74578	65.6341 
2.07273	25.9781	10.7952	791.399 
2.07523	-14.8407	-6.86907	267.432 
2.07773	-5.21998	-2.62216	34.1239 
2.08023	-2.92545	-1.55888	10.9883 
2.08273	-1.88568	-1.03946	4.63626 
2.08523	-1.28703	-0.70808	2.15781 
2.08773	-0.895895	-0.460147	1.01436 
2.09023	-0.621338	-0.251472	0.449299 
2.09273	-0.42288	-0.0565307	0.182023 
2.09523	-0.284498	0.147069	0.102568 
2.09773	-0.210862	0.392956	0.198878 
2.10023	-0.250868	0.767707	0.652309 
2.10273	-0.702256	1.70272	3.39241 
2.10523	21.0324	-28.5546	1257.72 
2.10773	1.74282	-1.14675	4.35247 
2.11023	1.37397	-0.32283	1.99201 
2.11273	1.34212	0.0492537	1.8037 
2.11523	1.4093	0.317881	2.08717 
2.11773	1.53282	0.562712	2.6662 
2.12023	1.70781	0.820887	3.59047 
2.12273	1.94741	1.12485	5.0577 
2.12523	2.2861	1.52098	7.53964 
2.12773	2.80278	2.09982	12.2648 
2.13023	3.70523	3.08982	23.2757 
2.13273	5.7528	5.31761	61.3717 
2.13523	15.6259	16.0428	501.539 
2.13773	-14.8869	-17.1205	514.731 
2.14023	-4.29059	-5.62106	50.0055 
2.14273	-2.17327	-3.34152	15.8888 
2.14523	-1.23495	-2.35142	7.05427 
2.14773	-0.68192	-1.79089	3.67232 
2.15023	-0.2967	-1.42795	2.12706 
2.15273	0.00770014	-1.17539	1.3816 
2.15524	0.277949	-0.995879	1.06903 
2.15774	0.5507	-0.876335	1.07123 
2.16024	0.875098	-0.825288	1.4469 
2.16274	1.3673	-0.898312	2.67648 
2.16524	2.54319	-1.39205	8.40563 
2.16774	30.5891	-17.8333	1253.72 
2.17024	-2.09355	1.74885	7.44143 
2.17274	-0.640974	1.08604	1.59034 
2.17524	-0.117096	0.985416	0.984757 
2.17774	0.19281	1.03136	1.10089 
2.18024	0.425676	1.15419	1.51336 
2.18274	0.630097	1.34249	2.19929 
2.18524	0.832899	1.60914	3.28305 
2.18774	1.05845	1.99235	5.08978 
2.19024	1.34314	2.57997	8.46025 
2.19274	1.76777	3.59771	16.0685 
2.19524	2.59939	5.82403	40.6762 
2.19774	5.74098	14.8638	253.891 
2.20024	-8.37724	-27.0059	799.499 
2.20274	-1.50754	-6.99064	51.1418 
2.20524	-0.388013	-3.95608	15.8012 
2.20774	0.134946	-2.71422	7.3852 
2.21024	0.485274	-2.03042	4.35808 
2.21274	0.776645	-1.59302	3.14089 
2.21524	1.06081	-1.28751	2.783 
2.21774	1.37757	-1.06335	3.02842 
2.22024	1.77871	-0.897658	3.96959 
2.22274	2.36464	-0.785453	6.20845 
2.22524	3.40531	-0.748116	12.1558 
2.22774	6.04891	-0.914851	37.4262 
2.23024	33.0327	-3.98476	1107.03 
2.23274	-8.36219	1.07575	71.0834 
2.23524	-3.39139	0.621925	11.8883 
2.23774	-1.95425	0.593802	4.1717 
2.24024	-1.25339	0.663921	2.01178 
2.24274	-0.828562	0.784572	1.30207 
2.24524	-0.537887	0.949237	1.19037 
2.24775	-0.323844	1.16784	1.46873 
2.25025	-0.160073	1.46731	2.17861 
2.25275	-0.0358929	1.90745	3.63965 
2.25525	0.0452366	2.63672	6.95433 
2.25775	0.0463723	4.13899	17.1334 
2.26025	-0.295764	9.38451	88.1565 
2.26275	3.60521	-32.3364	1058.64 
2.26525	1.32835	-5.64968	33.6834 
2.26775	1.2257	-2.93785	10.1333 
2.27025	1.28468	-1.86779	5.13903 
2.27275	1.40656	-1.26665	3.58282 
2.27525	1.57689	-0.857476	3.22185 
2.27775	1.80307	-0.537474	3.53994 
2.28025	2.10907	-0.254373	4.51286 
2.28275	2.546	0.0307101	6.48307 
2.28525	3.229	0.366434	10.5607 
2.28775	4.47143	0.857464	20.729 
2.29025	7.5204	1.89315	60.1404 
2.29275	28.0835	8.31265	857.781 
2.29525	-14.0654	-4.5769	218.784 
2.29775	-5.24669	-1.77903	30.6927 
2.30025	-3.05346	-1.0201	10.3642 
2.30275	-2.04915	-0.623837	4.58819 
2.30525	-1.46967	-0.351695	2.28363 
2.30775	-1.09272	-0.130574	1.21109 
2.31025	-0.831755	0.0734083	0.697204 
2.31275	-0.649378	0.284343	0.502543 
2.31525	-0.533628	0.530742	0.566446 
2.31775	-0.497724	0.866704	0.998904 
2.32025	-0.616918	1.44777	2.47663 
2.32275	-1.33987	3.0961	11.3811 
2.32525	17.4422	-30.3693	1226.52 
2.32775	1.96611	-2.17205	8.58337 
2.33025	1.44363	-0.874888	2.8495 
2.33275	1.359	-0.33879	1.96167 
2.33525	1.40408	0.00746168	1.97151 
2.33775	1.5206	0.292381	2.39771 
2.34026	1.69931	0.56919	3.21164 
2.34276	1.95345	0.875925	4.58323 
2.34526	2.32138	1.25923	6.97447 
2.34776	2.89297	1.80458	11.6257 
2.35026	3.90806	2.72483	22.6976 
2.35276	6.2598	4.79912	62.2167 
2.35526	18.3243	15.3112	570.211 
2.35776	-15.6839	-14.2372	448.683 
2.36026	-4.95893	-4.89994	48.6004 
2.36276	-2.70471	-2.93192	15.9116 
2.36526	-1.7033	-2.05834	7.13801 
2.36776	-1.12028	-1.55475	3.67227 
2.37026	-0.724323	-1.22196	2.01782 
2.37276	-0.423991	-0.983974	1.14797 
2.37526	-0.173124	-0.80729	0.681689 
2.37776	0.0592519	-0.678519	0.463899 
2.38026	0.306221	-0.600756	0.454679 
2.38276	0.635058	-0.610572	0.776097 
2.38526	1.33593	-0.916942	2.62549 
2.38776	28.4535	-21.1737	1257.92 
2.39026	-0.942835	1.2322	2.40724 
2.39276	-0.170135	0.868601	0.783413 
2.39526	0.154714	0.856448	0.757439 
2.39776	0.3774	0.944233	1.03401 
2.40026	0.568865	1.09153	1.51504 
2.40276	0.758079	1.2964	2.25533 
2.40526	0.9661	1.57607	3.41734 
2.40776	1.21896	1.97174	5.37363 
2.41026	1.56365	2.57515	9.07642 
2.41276	2.11319	3.62182	17.5832 
2.41526	3.25526	5.93481	45.8187 
2.41776	7.90548	15.7336	310.042 
2.42026	-10.949	-24.6434	727.179 
2.42276	-2.55124	-6.86198	53.5956 
2.42526	-1.10869	-3.94167	16.766 
2.42776	-0.456174	-2.73019	7.66202 
2.43027	-0.0426057	-2.06127	4.25066 
2.43277	0.27955	-1.63528	2.75231 
2.43527	0.573671	-1.34184	2.12963 
2.43777	0.882659	-1.13327	2.06339 
2.44027	1.25563	-0.990575	2.55784 
2.44277	1.78199	-0.916818	4.01603 
2.44527	2.69895	-0.956079	8.19842 
2.44777	5.03264	-1.34035	27.124 
2.45027	32.9399	-7.71029	1144.48 
2.45277	-6.80805	1.73113	49.3463 
2.45527	-2.88597	0.966515	9.26295 
2.45777	-1.70226	0.848743	3.61806 
2.46027	-1.10851	0.881643	2.00608 
2.46277	-0.737362	0.987442	1.51874 
2.46527	-0.473182	1.15112	1.54897 
2.46777	-0.267443	1.38089	1.97838 
2.47027	-0.0955311	1.70626	2.92047 
2.47277	0.05749	2.19587	4.82513 
2.47527	0.203692	3.02309	9.18055 
2.47777	0.361	4.76272	22.8138 
2.48027	0.611379	11.0866	123.286 
2.48277	-0.172156	-31.5479	995.301 
2.48527	0.482458	-6.26305	39.4586 
2.48777	0.672528	-3.34415	11.6356 
2.49027	0.838251	-2.18454	5.47489 
2.49277	1.01266	-1.54027	3.39791 
2.49527	1.21201	-1.11231	2.70621 
2.49777	1.4544	-0.790429	2.74004 
2.50027	1.76818	-0.521202	3.3981 
2.50277	2.20623	-0.269699	4.94021 
2.50527	2.8841	0.000296945	8.31804 
2.50777	4.11637	0.357368	17.0722 
2.51027	7.17736	1.04916	52.6152 
2.51277	29.8001	5.44254	917.67 
2.51527	-13.0299	-2.57933	176.432 
2.51777	-5.15129	-0.987083	27.5102 
2.52027	-3.1112	-0.50007	9.92967 
2.52278	-2.16549	-0.215307	4.7357 
2.52528	-1.61677	0.00377349	2.61397 
2.52778	-1.25933	0.202352	1.62686 
2.53028	-1.01282	0.405404	1.19015 
2.53278	-0.843092	0.636527	1.11597 
2.53528	-0.740936	0.931595	1.41686 
2.53778	-0.723968	1.36803	2.39564 
2.54028	-0.880551	2.18078	5.53115 
2.54278	-1.74543	4.66646	24.8224 
2.54528	13.604	-31.6482	1186.68 
2.54778	1.88413	-3.1941	13.7522 
2.55028	1.33417	-1.44517	3.86853 
2.55278	1.2378	-0.746726	2.08974 
2.55528	1.27953	-0.323309	1.74174 
2.55778	1.39839	0.000624286	1.95549 
2.56028	1.58488	0.293877	2.59819 
2.56278	1.85369	0.599561	3.79563 
2.56528	2.24712	0.963566	5.978 
2.56778	2.86471	1.46397	10.3498 
2.57028	3.97455	2.29156	21.0483 
2.57278	6.59288	4.15176	60.7032 
2.57528	20.9329	14.1005	637.01 
2.57778	-16.0594	-11.4077	388.039 
2.58028	-5.51349	-4.08841	47.1136 
2.58278	-3.18843	-2.44992	16.1682 
2.58528	-2.15041	-1.70293	7.52424 
2.58778	-1.55083	-1.26104	3.99531 
2.59028	-1.15153	-0.95966	2.24697 
2.59278	-0.859117	-0.734535	1.27762 
2.59528	-0.628858	-0.555617	0.704172 
2.59778	-0.435552	-0.407643	0.355879 
2.60028	-0.261506	-0.283977	0.149029 
2.60278	-0.0866026	-0.188387	0.0429898 
2.60528	0.150748	-0.168263	0.0510374 
2.60778	25.7884	-24.1951	1250.44 
2.61028	-0.0648166	0.509475	0.263766 
2.61278	0.166475	0.534648	0.313562 
2.61529	0.325967	0.643604	0.520481 
2.61779	0.475709	0.788384	0.847848 
2.62029	0.633313	0.967351	1.33685 
2.62279	0.811806	1.19113	2.07783 
2.62529	1.02798	1.48215	3.25352 
2.62779	1.31037	1.88414	5.26706 
2.63029	1.71741	2.49053	9.15223 
2.63279	2.39641	3.54029	18.2764 
2.63529	3.86629	5.87949	49.5166 
2.63779	10.2489	16.239	368.743 
2.64029	-13.1304	-22.0195	657.269 
2.64279	-3.60174	-6.53544	55.6845 
2.64529	-1.87117	-3.79992	17.9407 
2.64779	-1.10034	-2.64784	8.22179 
2.65029	-0.629419	-2.00794	4.428 
2.65279	-0.280739	-1.60012	2.63921 
2.65529	0.0193524	-1.3207	1.74461 
2.65779	0.315997	-1.12549	1.36658 
2.66029	0.654531	-0.998634	1.42568 
2.66279	1.11103	-0.948329	2.13371 
2.66529	1.88285	-1.03255	4.61129 
2.66779	3.83664	-1.55031	17.1232 
2.67029	32.2255	-11.4525	1169.64 
2.67279	-5.34702	2.03934	32.7495 
2.67529	-2.4105	1.16527	7.16837 
2.67779	-1.48018	1.01104	3.21314 
2.68029	-0.995244	1.02984	2.05108 
2.68279	-0.678365	1.13252	1.74279 
2.68529	-0.439787	1.30105	1.88614 
2.68779	-0.239623	1.54386	2.44092 
2.69029	-0.0541671	1.89351	3.58831 
2.69279	0.137769	2.42672	5.90795 
2.69529	0.369169	3.33938	11.2878 
2.69779	0.732616	5.29078	28.5291 
2.70029	1.81632	12.6713	163.861 
2.70279	-3.79578	-30.2513	929.549 
2.7053	-0.551995	-6.68107	44.9413 
2.7078	-0.033837	-3.64301	13.2726 
2.7103	0.254363	-2.42467	5.94371 
2.7128	0.488481	-1.75197	3.308 
2.7153	0.719294	-1.31313	2.24171 
2.7178	0.976862	-0.993595	1.94149 
2.7203	1.294	-0.740001	2.22203 
2.7228	1.72423	-0.521774	3.24521 
2.7253	2.38035	-0.315005	5.76529 
2.7278	3.56886	-0.0866966	12.7443 
2.7303	6.55368	0.266123	43.0216 
2.7328	31.0209	2.2505	967.361 
2.7353	-11.8402	-0.906889	141.013 
2.7378	-4.99223	-0.271372	24.996 
2.7403	-3.14815	-0.01459	9.91105 
2.7428	-2.28107	0.174835	5.23384 
2.7453	-1.77331	0.349342	3.26666 
2.7478	-1.43996	0.530706	2.35513 
2.7503	-1.20827	0.736715	2.00267 
2.7528	-1.04727	0.991422	2.0797 
2.7553	-0.948867	1.33901	2.69329 
2.7578	-0.930238	1.88218	4.40795 
2.7603	-1.07703	2.94315	9.82214 
2.7628	-1.92391	6.37101	44.2912 
2.7653	9.56334	-32.3594	1138.59 
2.7678	1.46599	-4.15227	19.3905 
2.7703	0.999359	-1.99538	4.98024 
2.7728	0.928965	-1.14462	2.17313 
2.7753	0.984476	-0.64841	1.38963 
2.7778	1.11371	-0.288462	1.32356 
2.7803	1.31066	0.0182849	1.71816 
2.7828	1.59266	0.319206	2.63846 
2.7853	2.00571	0.658429	4.45641 
2.7878	2.65718	1.10462	8.28078 
2.7903	3.8379	1.82078	18.0447 
2.7928	6.67006	3.41443	56.148 
2.7953	23.3136	12.4244	697.89 
2.79781	-16.0961	-8.69833	334.747 
2.80031	-5.99706	-3.21407	46.295 
2.80281	-3.66814	-1.90784	17.0951 
2.80531	-2.62158	-1.29115	8.53978 
2.80781	-2.02004	-0.912432	4.91311 
2.81031	-1.62547	-0.641856	3.05412 
2.81281	-1.34498	-0.426853	1.99119 
2.81531	-1.13607	-0.240245	1.34838 
2.81781	-0.979019	-0.0632809	0.962483 
2.82031	-0.869868	0.124628	0.772202 
2.82281	-0.830846	0.366371	0.824533 
2.82531	-1.01646	0.856676	1.76709 
2.82781	22.589	-26.8097	1229.02 
2.83031	0.450203	-0.352078	0.326642 
2.83281	0.28226	0.119444	0.0939373 
2.83531	0.313985	0.373619	0.238178 
2.83781	0.406665	0.586952	0.50989 
2.84031	0.538219	0.802976	0.934451 
2.84281	0.709829	1.04701	1.60009 
2.84531	0.935608	1.34717	2.69024 
2.84781	1.24729	1.74901	4.61479 
2.85031	1.7151	2.34525	8.44175 
2.85281	2.5212	3.37148	17.7233 
2.85531	4.32168	5.67241	50.8532 
2.85781	12.6338	16.3481	426.875 
2.86031	-14.9693	-19.2012	592.767 
2.86281	-4.69636	-6.0145	58.23 
2.86531	-2.7268	-3.52187	19.839 
2.86781	-1.85576	-2.45396	9.46578 
2.87031	-1.33737	-1.85499	5.22954 
2.87281	-0.968953	-1.47052	3.1013 
2.87531	-0.668403	-1.20572	1.90052 
2.87781	-0.389327	-1.02025	1.19249 
2.88031	-0.0910932	-0.900342	0.818914 
2.88281	0.287347	-0.855833	0.815018 
2.88531	0.898168	-0.947881	1.70519 
2.88781	2.41665	-1.49549	8.07667 
2.89032	30.7996	-15.0972	1176.54 
2.89282	-4.13212	2.04662	21.263 
2.89532	-2.09046	1.23869	5.9044 
2.89782	-1.40407	1.09881	3.17881 
2.90032	-1.02619	1.1263	2.32161 
2.90282	-0.763128	1.23758	2.11396 
2.90532	-0.549561	1.41669	2.30902 
2.90782	-0.353471	1.67406	2.92742 
2.91032	-0.151134	2.04548	4.20682 
2.91282	0.0867283	2.61462	6.84374 
2.91532	0.418882	3.59618	13.108 
2.91782	1.03131	5.72313	33.8178 
2.92032	3.19424	14.0945	208.857 
2.92282	-7.29936	-28.4695	863.791 
2.92532	-1.8411	-6.86081	50.4604 
2.92782	-0.982546	-3.79151	15.341 
2.93032	-0.56564	-2.54628	6.80348 
2.93282	-0.270266	-1.86008	3.53294 
2.93532	-0.00954832	-1.41779	2.01023 
2.93782	0.259041	-1.10371	1.28527 
2.94032	0.572491	-0.865698	1.07718 
2.94282	0.983799	-0.677651	1.42707 
2.94532	1.59982	-0.527074	2.83722 
2.94782	2.70955	-0.413849	7.51294 
2.95032	5.52621	-0.373526	30.6785 
2.95282	31.5537	-1.15528	996.968 
2.95532	-10.7043	0.454986	114.79 
2.95782	-4.93387	0.38071	24.488 
2.96032	-3.32054	0.456701	11.2346 
2.96282	-2.55054	0.571474	6.83183 
2.96532	-2.09447	0.712743	4.8948 
2.96782	-1.79131	0.884042	3.99034 
2.97032	-1.57685	1.09791	3.69186 
2.97282	-1.42295	1.37974	3.92847 
2.97532	-1.32078	1.78259	4.92211 
2.97782	-1.28178	2.4354	7.57412 
2.98033	-1.37096	3.7523	15.9593 
2.98283	-2.01534	8.2028	71.3475 
2.98533	5.2396	-32.4419	1079.93 
2.98783	0.558824	-4.94434	24.7588 
2.99033	0.264617	-2.43978	6.02254 
2.99283	0.24969	-1.45243	2.17188 
2.99533	0.33021	-0.889568	0.900371 
2.99783	0.472585	-0.49647	0.469819 
3.00033	0.677485	-0.177836	0.490611 
3.00283	0.965794	0.116951	0.946435 
3.00533	1.38671	0.429328	2.10729 
3.00783	2.05305	0.816941	4.88239 
3.01033	3.27152	1.41059	12.6926 
3.01283	6.24659	2.69912	46.3052 
3.01533	25.1557	10.3809	740.574 
3.01783	-16.068	-6.09589	295.341 
3.02033	-6.64402	-2.23076	49.1194 
3.02283	-4.38109	-1.24216	20.7369 
3.02533	-3.35966	-0.75016	11.8501 
3.02783	-2.77673	-0.429586	7.89477 
3.03033	-2.40099	-0.184017	5.79862 
3.03283	-2.14243	0.0280568	4.59079 
3.03533	-1.96133	0.231731	3.90052 
3.03783	-1.84281	0.450817	3.59918 
3.04033	-1.79404	0.723791	3.74247 
3.04283	-1.87165	1.15345	4.83354 
3.04533	-2.41621	2.26122	10.9512 
3.04783	18.6101	-28.8236	1177.14 
3.05033	0.262674	-1.1596	1.41368 
3.05283	-0.173244	-0.208943	0.0736706 
3.05533	-0.238812	0.211765	0.101876 
3.05783	-0.196056	0.507965	0.296467 
3.06033	-0.0928767	0.771639	0.604052 
3.06283	0.0643132	1.04401	1.09409 
3.06533	0.288508	1.359	1.93013 
3.06783	0.615082	1.76323	3.48732 
3.07033	1.12573	2.34627	6.77222 
3.07284	2.03648	3.33337	15.2586 
3.07534	4.14083	5.54186	47.8587 
3.07784	14.5297	16.259	475.469 
3.08034	-16.9286	-16.026	543.412 
3.08284	-6.29452	-5.06334	65.2584 
3.08534	-4.16347	-2.84115	25.4066 
3.08784	-3.23502	-1.85902	13.9213 
3.09034	-2.70286	-1.29022	8.97014 
3.09284	-2.3456	-0.910405	6.33066 
3.09534	-2.07508	-0.634753	4.70888 
3.09784	-1.84493	-0.426437	3.58562 
3.10034	-1.62018	-0.271877	2.69889 
3.10284	-1.35608	-0.177921	1.87061 
3.10534	-0.949189	-0.195727	0.939269 
3.10784	0.0602152	-0.605253	0.369957 
3.11034	27.8722	-17.9454	1098.9 
3.11284	-4.07256	2.4609	22.6418 
3.11534	-2.86768	1.94428	12.0038 
3.11784	-2.46974	1.96106	9.94537 
3.12034	-2.26721	2.13827	9.71241 
3.12284	-2.14467	2.42213	10.4663 
3.12534	-2.06496	2.81901	12.2108 
3.12784	-2.01341	3.3702	15.412 
3.13034	-1.98532	4.1673	21.3079 
3.13284	-1.98508	5.41453	33.2577 
3.13534	-2.0398	7.65086	62.6964 
3.13784	-2.30667	12.8886	171.436 
3.14034	-6.08534	41.5701	1765.1 
3.14284	-6.08534	-41.5701	1765.1 
3.14534	-2.30667	-12.8886	171.436 
3.14784	-2.0398	-7.65086	62.6964 
3.15034	-1.98508	-5.41453	33.2577 
3.15284	-1.98532	-4.1673	21.3079 
3.15534	-2.01341	-3.3702	15.412 
3.15784	-2.06496	-2.81901	12.2108 
3.16034	-2.14467	-2.42213	10.4663 
3.16284	-2.26721	-2.13827	9.71241 
3.16535	-2.46974	-1.96106	9.94537 
3.16785	-2.86768	-1.94428	12.0038 
3.17035	-4.07256	-2.4609	22.6418 
3.17285	27.8722	17.9454	1098.9 
3.17535	0.0602152	0.605253	0.369957 
3.17785	-0.949189	0.195727	0.939269 
3.18035	-1.35608	0.177921	1.87061 
3.18285	-1.62018	0.271877	2.69889 
3.18535	-1.84493	0.426437	3.58562 
3.18785	-2.07508	0.634753	4.70888 
3.19035	-2.3456	0.910405	6.33066 
3.19285	-2.70286	1.29022	8.97014 
3.19535	-3.23502	1.85902	13.9213 
3.19785	-4.16347	2.84115	25.4066 
3.20035	-6.29452	5.06334	65.2584 
3.20285	-16.9286	16.026	543.412 
3.20535	14.5297	-16.259	475.469 
3.20785	4.14083	-5.54186	47.8587 
3.21035	2.03648	-3.33337	15.2586 
3.21285	1.12573	-2.34627	6.77222 
3.21535	0.615082	-1.76323	3.48732 
3.21785	0.288508	-1.359	1.93013 
3.22035	0.0643132	-1.04401	1.09409 
3.22285	-0.0928767	-0.771639	0.604052 
3.22535	-0.196056	-0.507965	0.296467 
3.22785	-0.238812	-0.211765	0.101876 
3.23035	-0.173244	0.208943	0.0736706 
3.23285	0.262674	1.1596	1.41368 
3.23535	18.6101	28.8236	1177.14 
3.23785	-2.41621	-2.26122	10.9512 
3.24035	-1.87165	-1.15345	4.83354 
3.24285	-1.79404	-0.723791	3.74247 
3.24535	-1.84281	-0.450817	3.59918 
3.24785	-1.96133	-0.231731	3.90052 
3.25035	-2.14243	-0.0280568	4.59079 
3.25285	-2.40099	0.184017	5.79862 
3.25536	-2.77673	0.429586	7.89477 
3.25786	-3.35966	0.75016	11.8501 
3.26036	-4.38109	1.24216	20.7369 
3.26286	-6.64402	2.23076	49.1194 
3.26536	-16.068	6.09589	295.341 
3.26786	25.1557	-10.3809	740.574 
3.27036	6.24659	-2.69912	46.3052 
3.27286	3.27152	-1.41059	12.6926 
3.27536	2.05305	-0.816941	4.88239 
3.27786	1.38671	-0.429328	2.10729 
3.28036	0.965794	-0.116951	0.946435 
3.28286	0.677485	0.177836	0.490611 
3.28536	0.472585	0.49647	0.469819 
3.28786	0.33021	0.889568	0.900371 
3.29036	0.24969	1.45243	2.17188 
3.29286	0.264617	2.43978	6.02254 
3.29536	0.558824	4.94434	24.7588 
3.29786	5.2396	32.4419	1079.93 
3.30036	-2.01534	-8.2028	71.3475 
3.30286	-1.37096	-3.7523	15.9593 
3.30536	-1.28178	-2.4354	7.57412 
3.30786	-1.32078	-1.78259	4.92211 
3.31036	-1.42295	-1.37974	3.92847 
3.31286	-1.57685	-1.09791	3.69186 
3.31536	-1.79131	-0.884042	3.99034 
3.31786	-2.09447	-0.712743	4.8948 
3.32036	-2.55054	-0.571474	6.83183 
3.32286	-3.32054	-0.456701	11.2346 
3.32536	-4.93387	-0.38071	24.488 
3.32786	-10.7043	-0.454986	114.79 
3.33036	31.5537	1.15528	996.968 
3.33286	5.52621	0.373526	30.6785 
3.33536	2.70955	0.413849	7.51294 
3.33786	1.59982	0.527074	2.83722 
3.34036	0.983799	0.677651	1.42707 
3.34286	0.572491	0.865698	1.07718 
3.34536	0.259041	1.10371	1.28527 
3.34787	-0.00954832	1.41779	2.01023 
3.35037	-0.270266	1.86008	3.53294 
3.35287	-0.56564	2.54628	6.80348 
3.35537	-0.982546	3.79151	15.341 
3.35787	-1.8411	6.86081	50.4604 
3.36037	-7.29936	28.4695	863.791 
3.36287	3.19424	-14.0945	208.857 
3.36537	1.03131	-5.72313	33.8178 
3.36787	0.418882	-3.59618	13.108 
3.37037	0.0867283	-2.61462	6.84374 
3.37287	-0.151134	-2.04548	4.20682 
3.37537	-0.353471	-1.67406	2.92742 
3.37787	-0.549561	-1.41669	2.30902 
3.38037	-0.763128	-1.23758	2.11396 
3.38287	-1.02619	-1.1263	2.32161 
3.38537	-1.40407	-1.09881	3.17881 
3.38787	-2.09046	-1.23869	5.9044 
3.39037	-4.13212	-2.04662	21.263 
3.39287	30.7996	15.0972	1176.54 
3.39537	2.41665	1.49549	8.07667 
3.39787	0.898168	0.947881	1.70519 
3.40037	0.287347	0.855833	0.815018 
3.40287	-0.0910932	0.900342	0.818914 
3.40537	-0.389327	1.02025	1.19249 
3.40787	-0.668403	1.20572	1.90052 
3.41037	-0.968953	1.47052	3.1013 
3.41287	-1.33737	1.85499	5.22954 
3.41537	-1.85576	2.45396	9.46578 
3.41787	-2.7268	3.52187	19.839 
3.42037	-4.69636	6.0145	58.23 
3.42287	-14.9693	19.2012	592.767 
3.42537	12.6338	-16.3481	426.875 
3.42787	4.32168	-5.67241	50.8532 
3.43037	2.5212	-3.37148	17.7233 
3.43287	1.7151	-2.34525	8.44175 
3.43537	1.24729	-1.74901	4.61479 
3.43787	0.935608	-1.34717	2.69024 
3.44038	0.709829	-1.04701	1.60009 
3.44288	0.538219	-0.802976	0.934451 
3.44538	0.406665	-0.586952	0.50989 
3.44788	0.313985	-0.373619	0.238178 
3.45038	0.28226	-0.119444	0.0939373 
3.45288	0.450203	0.352078	0.326642 
3.45538	22.589	26.8097	1229.02 
3.45788	-1.01646	-0.856676	1.76709 
3.46038	-0.830846	-0.366371	0.824533 
3.46288	-0.869868	-0.124628	0.772202 
3.46538	-0.979019	0.0632809	0.962483 
3.46788	-1.13607	0.240245	1.34838 
3.47038	-1.34498	0.426853	1.99119 
3.47288	-1.62547	0.641856	3.05412 
3.47538	-2.02004	0.912432	4.91311 
3.47788	-2.62158	1.29115	8.53978 
3.48038	-3.66814	1.90784	17.0951 
3.48288	-5.99706	3.21407	46.295 
3.48538	-16.0961	8.69833	334.747 
3.48788	23.3136	-12.4244	697.89 
3.49038	6.67006	-3.41443	56.148 
3.49288	3.8379	-1.82078	18.0447 
3.49538	2.65718	-1.10462	8.28078 
3.49788	2.00571	-0.658429	4.45641 
3.50038	1.59266	-0.319206	2.63846 
3.50288	1.31066	-0.0182849	1.71816 
3.50538	1.11371	0.288462	1.32356 
3.50788	0.984476	0.64841	1.38963 
3.51038	0.928965	1.14462	2.17313 
3.51288	0.999359	1.99538	4.98024 
3.51538	1.46599	4.15227	19.3905 
3.51788	9.56334	32.3594	1138.59 
3.52038	-1.92391	-6.37101	44.2912 
3.52288	-1.07703	-2.94315	9.82214 
3.52538	-0.930238	-1.88218	4.40795 
3.52788	-0.948867	-1.33901	2.69329 
3.53039	-1.04727	-0.991422	2.0797 
3.53289	-1.20827	-0.736715	2.00267 
3.53539	-1.43996	-0.530706	2.35513 
3.53789	-1.77331	-0.349342	3.26666 
3.54039	-2.28107	-0.174835	5.23384 
3.54289	-3.14815	0.01459	9.91105 
3.54539	-4.99223	0.271372	24.996 
3.54789	-11.8402	0.906889	141.013 
3.55039	31.0209	-2.2505	967.361 
3.55289	6.55368	-0.266123	43.0216 
3.55539	3.56886	0.0866966	12.7443 
3.55789	2.38035	0.315005	5.76529 
3.56039	1.72423	0.521774	3.24521 
3.56289	1.294	0.740001	2.22203 
3.56539	0.976862	0.993595	1.94149 
3.56789	0.719294	1.31313	2.24171 
3.57039	0.488481	1.75197	3.308 
3.57289	0.254363	2.42467	5.94371 
3.57539	-0.033837	3.64301	13.2726 
3.57789	-0.551995	6.68107	44.9413 
3.58039	-3.79578	30.2513	929.549 
3.58289	1.81632	-12.6713	163.861 
3.58539	0.732616	-5.29078	28.5291 
3.58789	0.369169	-3.33938	11.2878 
3.59039	0.137769	-2.42672	5.90795 
3.59289	-0.0541671	-1.89351	3.58831 
3.59539	-0.239623	-1.54386	2.44092 
3.59789	-0.439787	-1.30105	1.88614 
3.60039	-0.678365	-1.13252	1.74279 
3.60289	-0.995244	-1.02984	2.05108 
3.60539	-1.48018	-1.01104	3.21314 
3.60789	-2.4105	-1.16527	7.16837 
3.61039	-5.34702	-2.03934	32.7495 
3.61289	32.2255	11.4525	1169.64 
3.61539	3.83664	1.55031	17.1232 
3.61789	1.88285	1.03255	4.61129 
3.62039	1.11103	0.948329	2.13371 
3.6229	0.654531	0.998634	1.42568 
3.6254	0.315997	1.12549	1.36658 
3.6279	0.0193524	1.3207	1.74461 
3.6304	-0.280739	1.60012	2.63921 
3.6329	-0.629419	2.00794	4.428 
3.6354	-1.10034	2.64784	8.22179 
3.6379	-1.87117	3.79992	17.9407 
3.6404	-3.60174	6.53544	55.6845 
3.6429	-13.1304	22.0195	657.269 
3.6454	10.2489	-16.239	368.743 
3.6479	3.86629	-5.87949	49.5166 
3.6504	2.39641	-3.54029	18.2764 
3.6529	1.71741	-2.49053	9.15223 
3.6554	1.31037	-1.88414	5.26706 
3.6579	1.02798	-1.48215	3.25352 
3.6604	0.811806	-1.19113	2.07783 
3.6629	0.633313	-0.967351	1.33685 
3.6654	0.475709	-0.788384	0.847848 
3.6679	0.325967	-0.643604	0.520481 
3.6704	0.166475	-0.534648	0.313562 
3.6729	-0.0648166	-0.509475	0.263766 
3.6754	25.7884	24.1951	1250.44 
3.6779	0.150748	0.168263	0.0510374 
3.6804	-0.0866026	0.188387	0.0429898 
3.6829	-0.261506	0.283977	0.149029 
3.6854	-0.435552	0.407643	0.355879 
3.6879	-0.628858	0.555617	0.704172 
3.6904	-0.859117	0.734535	1.27762 
3.6929	-1.15153	0.95966	2.24697 
3.6954	-1.55083	1.26104	3.99531 
3.6979	-2.15041	1.70293	7.52424 
3.7004	-3.18843	2.44992	16.1682 
3.7029	-5.51349	4.08841	47.1136 
3.7054	-16.0594	11.4077	388.039 
3.7079	20.9329	-14.1005	637.01 
3.7104	6.59288	-4.15176	60.7032 
3.7129	3.97455	-2.29156	21.0483 
3.71541	2.86471	-1.46397	10.3498 
3.71791	2.24712	-0.963566	5.978 
3.72041	1.85369	-0.599561	3.79563 
3.72291	1.58488	-0.293877	2.59819 
3.72541	1.39839	-0.000624286	1.95549 
3.72791	1.27953	0.323309	1.74174 
3.73041	1.2378	0.746726	2.08974 
3.73291	1.33417	1.44517	3.86853 
3.73541	1.88413	3.1941	13.7522 
3.73791	13.604	31.6482	1186.68 
3.74041	-1.74543	-4.66646	24.8224 
3.74291	-0.880551	-2.18078	5.53115 
3.74541	-0.723968	-1.36803	2.39564 
3.74791	-0.740936	-0.931595	1.41686 
3.75041	-0.843092	-0.636527	1.11597 
3.75291	-1.01282	-0.405404	1.19015 
3.75541	-1.25933	-0.202352	1.62686 
3.75791	-1.61677	-0.00377349	2.61397 
3.76041	-2.16549	0.215307	4.7357 
3.76291	-3.1112	0.50007	9.92967 
3.76541	-5.15129	0.987083	27.5102 
3.76791	-13.0299	2.57933	176.432 
3.77041	29.8001	-5.44254	917.67 
3.77291	7.17736	-1.04916	52.6152 
3.77541	4.11637	-0.357368	17.0722 
3.77791	2.8841	-0.000296945	8.31804 
3.78041	2.20623	0.269699	4.94021 
3.78291	1.76818	0.521202	3.3981 
3.78541	1.4544	0.790429	2.74004 
3.78791	1.21201	1.11231	2.70621 
3.79041	1.01266	1.54027	3.39791 
3.79291	0.838251	2.18454	5.47489 
3.79541	0.672528	3.34415	11.6356 
3.79791	0.482458	6.26305	39.4586 
3.80041	-0.172156	31.5479	995.301 
3.80291	0.611379	-11.0866	123.286 
3.80542	0.361	-4.76272	22.8138 
3.80792	0.203692	-3.02309	9.18055 
3.81042	0.05749	-2.19587	4.82513 
3.81292	-0.0955311	-1.70626	2.92047 
3.81542	-0.267443	-1.38089	1.97838 
3.81792	-0.473182	-1.15112	1.54897 
3.82042	-0.737362	-0.987442	1.51874 
3.82292	-1.10851	-0.881643	2.00608 
3.82542	-1.70226	-0.848743	3.61806 
3.82792	-2.88597	-0.966515	9.26295 
3.83042	-6.80805	-1.73113	49.3463 
3.83292	32.9399	7.71029	1144.48 
3.83542	5.03264	1.34035	27.124 
3.83792	2.69895	0.956079	8.19842 
3.84042	1.78199	0.916818	4.01603 
3.84292	1.25563	0.990575	2.55784 
3.84542	0.882659	1.13327	2.06339 
3.84792	0.573671	1.34184	2.12963 
3.85042	0.27955	1.63528	2.75231 
3.85292	-0.0426057	2.06127	4.25066 
3.85542	-0.456174	2.73019	7.66202 
3.85792	-1.10869	3.94167	16.766 
3.86042	-2.55124	6.86198	53.5956 
3.86292	-10.949	24.6434	727.179 
3.86542	7.90548	-15.7336	310.042 
3.86792	3.25526	-5.93481	45.8187 
3.87042	2.11319	-3.62182	17.5832 
3.87292	1.56365	-2.57515	9.07642 
3.87542	1.21896	-1.97174	5.37363 
3.87792	0.9661	-1.57607	3.41734 
3.88042	0.758079	-1.2964	2.25533 
3.88292	0.568865	-1.09153	1.51504 
3.88542	0.3774	-0.944233	1.03401 
3.88792	0.154714	-0.856448	0.757439 
3.89042	-0.170135	-0.868601	0.783413 
3.89292	-0.942835	-1.2322	2.40724 
3.89542	28.4535	21.1737	1257.92 
3.89793	1.33593	0.916942	2.62549 
3.90043	0.635058	0.610572	0.776097 
3.90293	0.306221	0.600756	0.454679 
3.90543	0.0592519	0.678519	0.463899 
3.90793	-0.173124	0.80729	0.681689 
3.91043	-0.423991	0.983974	1.14797 
3.91293	-0.724323	1.22196	2.01782 
3.91543	-1.12028	1.55475	3.67227 
3.91793	-1.7033	2.05834	7.13801 
3.92043	-2.70471	2.93192	15.9116 
3.92293	-4.95893	4.89994	48.6004 
3.92543	-15.6839	14.2372	448.683 
3.92793	18.3243	-15.3112	570.211 
3.93043	6.2598	-4.79912	62.2167 
3.93293	3.90806	-2.72483	22.6976 
3.93543	2.89297	-1.80458	11.6257 
3.93793	2.32138	-1.25923	6.97447 
3.94043	1.95345	-0.875925	4.58323 
3.94293	1.69931	-0.56919	3.21164 
3.94543	1.5206	-0.292381	2.39771 
3.94793	1.40408	-0.00746168	1.97151 
3.95043	1.359	0.33879	1.96167 
3.95293	1.44363	0.874888	2.8495 
3.95543	1.96611	2.17205	8.58337 
3.95793	17.4422	30.3693	1226.52 
3.96043	-1.33987	-3.0961	11.3811 
3.96293	-0.616918	-1.44777	2.47663 
3.96543	-0.497724	-0.866704	0.998904 
3.96793	-0.533628	-0.530742	0.566446 
3.97043	-0.649378	-0.284343	0.502543 
3.97293	-0.831755	-0.0734083	0.697204 
3.97543	-1.09272	0.130574	1.21109 
3.97793	-1.46967	0.351695	2.28363 
3.98043	-2.04915	0.623837	4.58819 
3.98293	-3.05346	1.0201	10.3642 
3.98543	-5.24669	1.77903	30.6927 
3.98793	-14.0654	4.5769	218.784 
3.99044	28.0835	-8.31265	857.781 
3.99294	7.5204	-1.89315	60.1404 
3.99544	4.47143	-0.857464	20.729 
3.99794	3.229	-0.366434	10.5607 
4.00044	2.546	-0.0307101	6.48307 
4.00294	2.10907	0.254373	4.51286 
4.00544	1.80307	0.537474	3.53994 
4.00794	1.57689	0.857476	3.22185 
4.01044	1.40656	1.26665	3.58282 
4.01294	1.28468	1.86779	5.13903 
4.01544	1.2257	2.93785	10.1333 
4.01794	1.32835	5.64968	33.6834 
4.02044	3.60521	32.3364	1058.64 
4.02294	-0.295764	-9.38451	88.1565 
4.02544	0.0463723	-4.13899	17.1334 
4.02794	0.0452366	-2.63672	6.95433 
4.03044	-0.0358929	-1.90745	3.63965 
4.03294	-0.160073	-1.46731	2.17861 
4.03544	-0.323844	-1.16784	1.46873 
4.03794	-0.537887	-0.949237	1.19037 
4.04044	-0.828562	-0.784572	1.30207 
4.04294	-1.25339	-0.663921	2.01178 
4.04544	-1.95425	-0.593802	4.1717 
4.04794	-3.39139	-0.621925	11.8883 
4.05044	-8.36219	-1.07575	71.0834 
4.05294	33.0327	3.98476	1107.03 
4.05544	6.04891	0.914851	37.4262 
4.05794	3.40531	0.748116	12.1558 
4.06044	2.36464	0.785453	6.20845 
4.06294	1.77871	0.897658	3.96959 
4.06544	1.37757	1.06335	3.02842 
4.06794	1.06081	1.28751	2.783 
4.07044	0.776645	1.59302	3.14089 
4.07294	0.485274	2.03042	4.35808 
4.07544	0.134946	2.71422	7.3852 
4.07794	-0.388013	3.95608	15.8012 
4.08045	-1.50754	6.99064	51.1418 
4.08295	-8.37724	27.0059	799.499 
4.08545	5.74098	-14.8638	253.891 
4.08795	2.59939	-5.82403	40.6762 
4.09045	1.76777	-3.59771	16.0685 
4.09295	1.34314	-2.57997	8.46025 
4.09545	1.05845	-1.99235	5.08978 
4.09795	0.832899	-1.60914	3.28305 
4.10045	0.630097	-1.34249	2.19929 
4.10295	0.425676	-1.15419	1.51336 
4.10545	0.19281	-1.03136	1.10089 
4.10795	-0.117096	-0.985416	0.984757 
4.11045	-0.640974	-1.08604	1.59034 
4.11295	-2.09355	-1.74885	7.44143 
4.11545	30.5891	17.8333	1253.72 
4.11795	2.54319	1.39205	8.40563 
4.12045	1.3673	0.898312	2.67648 
4.12295	0.875098	0.825288	1.4469 
4.12545	0.5507	0.876335	1.07123 
4.12795	0.277949	0.995879	1.06903 
4.13045	0.00770014	1.17539	1.3816 
4.13295	-0.2967	1.42795	2.12706 
4.13545	-0.68192	1.79089	3.67232 
4.13795	-1.23495	2.35142	7.05427 
4.14045	-2.17327	3.34152	15.8888 
4.14295	-4.29059	5.62106	50.0055 
4.14545	-14.8869	17.1205	514.731 
4.14795	15.6259	-16.0428	501.539 
4.15045	5.7528	-5.31761	61.3717 
4.15295	3.70523	-3.08982	23.2757 
4.15545	2.80278	-2.09982	12.2648 
4.15795	2.2861	-1.52098	7.53964 
4.16045	1.94741	-1.12485	5.0577 
4.16295	1.70781	-0.820887	3.59047 
4.16545	1.53282	-0.562712	2.6662 
4.16795	1.4093	-0.317881	2.08717 
4.17045	1.34212	-0.0492537	1.8037 
4.17296	1.37397	0.32283	1.99201 
4.17546	1.74282	1.14675	4.35247 
4.17796	21.0324	28.5546	1257.72 
4.18046	-0.702256	-1.70272	3.39241 
4.18296	-0.250868	-0.767707	0.652309 
4.18546	-0.210862	-0.392956	0.198878 
4.18796	-0.284498	-0.147069	0.102568 
4.19046	-0.42288	0.0565307	0.182023 
4.19296	-0.621338	0.251472	0.449299 
4.19546	-0.895895	0.460147	1.01436 
4.19796	-1.28703	0.70808	2.15781 
4.20046	-1.88568	1.03946	4.63626 
4.20296	-2.92545	1.55888	10.9883 
4.20546	-5.21998	2.62216	34.1239 
4.20796	-14.8407	6.86907	267.432 
4.21046	25.9781	-10.7952	791.399 
4.21296	7.62199	-2.74578	65.6341 
4.21546	4.66743	-1.38031	23.6902 
4.21796	3.44725	-0.757599	12.4575 
4.22046	2.77506	-0.357349	7.82864 
4.22296	2.34739	-0.0403439	5.51188 
4.22546	2.05256	0.253942	4.27749 
4.22796	1.8421	0.5677	3.71561 
4.23046	1.69607	0.950833	3.78075 
4.23296	1.61576	1.49579	4.84805 
4.23546	1.64021	2.44884	8.68709 
4.23796	1.97822	4.87086	27.6386 
4.24046	7.48663	32.5856	1117.87 
4.24296	-0.867412	-7.63102	58.9848 
4.24546	-0.159893	-3.44461	11.8909 
4.24796	-0.0579203	-2.19363	4.81539 
4.25046	-0.0961967	-1.56989	2.47381 
4.25296	-0.202766	-1.18253	1.4395 
4.25546	-0.364238	-0.90924	0.959387 
4.25796	-0.589075	-0.699216	0.835912 
4.26046	-0.906081	-0.527477	1.09921 
4.26296	-1.38168	-0.38036	2.05372 
4.26547	-2.18311	-0.250269	4.82861 
4.26797	-3.86248	-0.135122	14.937 
4.27047	-9.91066	-0.0553398	98.2242 
4.27297	32.5516	0.371889	1059.74 
4.27547	6.88001	0.314598	47.4336 
4.27797	4.00742	0.428496	16.2431 
4.28047	2.86964	0.567764	8.55719 
4.28297	2.23686	0.730477	5.53714 
4.28547	1.81482	0.924623	4.1485 
4.28797	1.49488	1.16543	3.59288 
4.29047	1.22378	1.48013	3.68842 
4.29297	0.965558	1.92124	4.62347 
4.29547	0.680804	2.6045	7.24692 
4.29797	0.291728	3.84506	14.8696 
4.30047	-0.485958	6.91373	48.0358 
4.30297	-5.42966	29.0331	872.4 
4.30547	3.83521	-13.6831	201.936 
4.30797	1.96182	-5.55242	34.6781 
4.31047	1.41115	-3.46638	14.0071 
4.31297	1.10127	-2.50114	7.46851 
4.31547	0.871279	-1.94099	4.52658 
4.31797	0.669295	-1.57553	2.93024 
4.32047	0.46823	-1.32268	1.96873 
4.32297	0.244454	-1.14749	1.37649 
4.32547	-0.035934	-1.04017	1.08324 
4.32797	-0.444201	-1.01766	1.23294 
4.33047	-1.19424	-1.16639	2.78669 
4.33297	-3.45436	-2.00654	15.9588 
4.33547	32.176	14.2612	1238.68 
4.33797	3.73992	1.59875	16.543 
4.34047	2.10437	1.04727	5.52515 
4.34297	1.44842	0.952815	3.00578 
4.34547	1.04621	0.99638	2.08732 
4.34797	0.733831	1.11651	1.7851 
4.35047	0.446353	1.3034	1.8981 
4.35297	0.141889	1.57127	2.48902 
4.35548	-0.225741	1.96141	3.89808 
4.35798	-0.736707	2.57106	7.15307 
4.36048	-1.58797	3.66158	15.9288 
4.36298	-3.50612	6.21929	50.9724 
4.36548	-13.631	19.9785	584.943 
4.36798	12.9423	-16.3041	433.326 
4.37048	5.12778	-5.68279	58.5883 
4.37298	3.4065	-3.3666	22.9383 
4.37548	2.62857	-2.33247	12.3498 
4.37798	2.17256	-1.73296	7.72317 
4.38048	1.86502	-1.33096	5.24974 
4.38298	1.63869	-1.03334	3.75308 
4.38548	1.46269	-0.794923	2.77136 
4.38798	1.32238	-0.589057	2.09568 
4.39048	1.21402	-0.394249	1.62927 
4.39298	1.15103	-0.178724	1.3568 
4.39548	1.22929	0.176692	1.54239 
4.39798	24.3084	26.246	1279.75 
4.40048	0.138948	-0.52479	0.294712 
4.40298	0.221176	-0.166388	0.0766038 
4.40548	0.14749	0.0346075	0.022951 
4.40798	0.0202885	0.204353	0.0421716 
4.41048	-0.148198	0.372753	0.160907 
4.41298	-0.365163	0.556513	0.44305 
4.41548	-0.651648	0.773358	1.02273 
4.41798	-1.05079	1.05112	2.20903 
4.42048	-1.65583	1.44527	4.83057 
4.42298	-2.70547	2.09427	11.7055 
4.42548	-5.04217	3.48293	37.5543 
4.42798	-15.2786	9.40814	321.949 
4.43048	23.578	-12.8428	720.859 
4.43298	7.50917	-3.56135	69.0708 
4.43548	4.72247	-1.89683	25.8997 
4.43798	3.55459	-1.15157	13.9612 
4.44048	2.90793	-0.691388	8.9341 
4.44298	2.49678	-0.345835	6.35351 
4.44548	2.21552	-0.0437148	4.91044 
4.44799	2.01905	0.259634	4.14397 
4.45049	1.89079	0.610606	3.94793 
4.45299	1.83795	1.08885	4.56365 
4.45549	1.91591	1.90245	7.29003 
4.45799	2.41066	3.96188	21.5078 
4.46049	11.398	32.276	1171.66 
4.46299	-1.09739	-5.89325	35.9347 
4.46549	-0.231571	-2.71058	7.40086 
4.46799	-0.0798163	-1.71318	2.94136 
4.47049	-0.0981594	-1.19741	1.44343 
4.47299	-0.198665	-0.863523	0.78514 
4.47549	-0.363555	-0.615279	0.510741 
4.47799	-0.601042	-0.410651	0.529886 
4.48049	-0.942874	-0.225788	0.939992 
4.48299	-1.46381	-0.041275	2.14443 
4.48549	-2.35431	0.17007	5.5717 
4.48799	-4.25304	0.480009	18.3188 
4.49049	-11.3675	1.3319	130.994 
4.49299	31.5444	-3.04048	1004.3 
4.49549	7.51403	-0.41724	56.6348 
4.49799	4.49971	0.0187842	20.2478 
4.50049	3.29516	0.278237	10.9355 
4.50299	2.63012	0.500181	7.1677 
4.50549	2.19518	0.726374	5.34643 
4.50799	1.87656	0.983759	4.48925 
4.51049	1.62078	1.30403	4.32741 
4.51299	1.39613	1.74066	4.97908 
4.51549	1.17563	2.40745	7.17791 
4.51799	0.917408	3.61384	13.9015 
4.52049	0.481899	6.63015	44.1912 
4.52299	-2.14821	30.6562	944.414 
4.52549	2.24236	-12.2546	155.203 
4.52799	1.38907	-5.13489	28.2966 
4.53049	1.08004	-3.23379	11.6239 
4.53299	0.870043	-2.34134	6.23886 
4.53549	0.687039	-1.8186	3.77932 
4.53799	0.503775	-1.47502	2.42946 
4.5405	0.300812	-1.23581	1.61772 
4.543	0.0543018	-1.06923	1.1462 
4.5455	-0.277754	-0.967053	1.01234 
4.548	-0.791508	-0.947065	1.52342 
4.5505	-1.7864	-1.09723	4.39513 
4.553	-4.96413	-1.96159	28.4904 
4.5555	33.199	10.549	1213.45 
4.558	4.88521	1.5511	26.2712 
4.5605	2.82877	1.05766	9.12058 
4.563	2.01732	0.981251	5.03245 
4.5655	1.54097	1.03571	3.44727 
4.568	1.19176	1.1656	2.77892 
4.5705	0.890101	1.36371	2.65198 
4.573	0.589607	1.6466	3.05893 
4.5755	0.245609	2.05937	4.30134 
4.578	-0.213121	2.70761	7.37655 
4.5805	-0.957128	3.87695	15.9468 
4.583	-2.62096	6.66465	51.2869 
4.5855	-11.9043	22.7273	658.242 
4.588	10.3635	-16.1199	367.253 
4.5905	4.43384	-5.88002	54.2336 
4.593	3.0457	-3.54159	21.8192 
4.5955	2.39789	-2.49027	11.9513 
4.598	2.00517	-1.88354	7.56844 
4.6005	1.72894	-1.48269	5.1876 
4.603	1.51371	-1.19447	3.71806 
4.6055	1.33162	-0.975738	2.72527 
4.608	1.16496	-0.80544	2.00587 
4.6105	0.997092	-0.676333	1.45162 
4.613	0.798266	-0.600509	0.99784 
4.6155	0.443225	-0.679647	0.658369 
4.618	27.2034	23.4989	1292.22 
4.6205	1.14124	0.408715	1.46947 
4.623	0.789017	0.333385	0.733693 
4.6255	0.575641	0.398479	0.490147 
4.628	0.382712	0.508724	0.405268 
4.63051	0.178613	0.650813	0.45546 
4.63301	-0.0580952	0.828537	0.689849 
4.63551	-0.354051	1.05654	1.24163 
4.63801	-0.754422	1.36569	2.43425 
4.64051	-1.35234	1.8232	5.15288 
4.64301	-2.38494	2.60241	12.4605 
4.64551	-4.69968	4.32428	40.7864 
4.64801	-15.3185	12.1338	381.884 
4.65051	20.9754	-14.4237	648.011 
4.65301	7.21007	-4.29933	70.4693 
4.65551	4.65312	-2.38023	27.3171 
4.65801	3.56393	-1.52758	15.0351 
4.66051	2.95577	-1.01505	9.7669 
4.66301	2.56718	-0.645759	7.00744 
4.66551	2.3009	-0.339571	5.40947 
4.66801	2.11561	-0.0503077	4.47835 
4.67051	1.9971	0.263934	4.05809 
4.67301	1.95517	0.668144	4.26911 
4.67551	2.05127	1.32638	5.96697 
4.67801	2.60438	2.96518	15.5751 
4.68051	15.2558	31.4034	1218.91 
4.68301	-0.998282	-4.23456	18.928 
4.68551	-0.156137	-1.96975	3.90429 
4.68801	-0.00567809	-1.21716	1.4815 
4.69051	-0.0265058	-0.806793	0.651617 
4.69301	-0.132152	-0.524487	0.29255 
4.69551	-0.30567	-0.298889	0.182769 
4.69801	-0.55683	-0.0960724	0.319289 
4.70051	-0.920589	0.107592	0.85906 
4.70301	-1.47899	0.339164	2.30244 
4.70551	-2.44237	0.650436	6.38823 
4.70801	-4.52621	1.20196	21.9313 
4.71051	-12.6519	3.07322	169.516 
4.71301	30.0676	-6.17327	942.171 
4.71551	7.94305	-1.23504	64.6173 
4.71801	4.87605	-0.456761	23.9845 
4.72051	3.63719	-0.0663724	13.2336 
4.72302	2.9556	0.219927	8.78394 
4.72552	2.51613	0.479808	6.56111 
4.72802	2.20304	0.752625	5.41985 
4.73052	1.96382	1.07435	5.01081 
4.73302	1.77121	1.49822	5.38186 
4.73552	1.60995	2.13292	7.14127 
4.73802	1.47194	3.27276	12.8776 
4.74052	1.35865	6.14777	39.641 
4.74302	1.40786	31.8161	1014.24 
4.74552	0.998392	-10.647	114.355 
4.74802	0.918035	-4.59336	21.9418 
4.75052	0.803953	-2.91141	9.12264 
4.75302	0.675263	-2.10786	4.89905 
4.75552	0.529681	-1.6303	2.93844 
4.75802	0.359552	-1.31141	1.84907 
4.76052	0.151196	-1.08473	1.1995 
4.76302	-0.120363	-0.921458	0.863572 
4.76552	-0.505893	-0.813126	0.917101 
4.76802	-1.12763	-0.773151	1.8693 
4.77052	-2.37609	-0.873576	6.40893 
4.77302	-6.55732	-1.58016	45.4953 
4.77552	33.6549	6.79037	1178.76 
4.77802	5.93897	1.27231	36.8902 
4.78052	3.51972	0.935435	13.2635 
4.78302	2.56876	0.912566	7.43129 
4.78552	2.02566	0.994584	5.09251 
4.78802	1.64428	1.14236	4.00864 
4.79052	1.3322	1.3546	3.60969 
4.79302	1.03953	1.65121	3.80713 
4.79552	0.724074	2.08066	4.85344 
4.79802	0.325262	2.75463	7.69376 
4.80052	-0.296234	3.97651	15.9004 
4.80302	-1.66113	6.93245	50.8183 
4.80552	-9.7138	25.2827	733.573 
4.80802	7.96816	-15.5287	304.631 
4.81052	3.71756	-5.90362	48.673 
4.81302	2.65485	-3.60699	20.0586 
4.81553	2.13666	-2.5653	11.1461 
4.81803	1.80673	-1.96475	7.12449 
4.82053	1.56035	-1.57172	4.90502 
4.82303	1.35331	-1.29527	3.50917 
4.82553	1.16008	-1.09489	2.54456 
4.82803	0.958271	-0.954555	1.82946 
4.83053	0.714328	-0.878897	1.28273 
4.83303	0.341889	-0.916703	0.957232 
4.83553	-0.589257	-1.36511	2.21075 
4.83803	29.6582	20.3806	1294.98 
4.84053	2.25571	1.07991	6.25443 
4.84303	1.43507	0.713688	2.56878 
4.84553	1.0652	0.683966	1.60247 
4.84803	0.798501	0.75314	1.20482 
4.85053	0.555473	0.878591	1.08047 
4.85303	0.299031	1.05546	1.20341 
4.85553	-0.00324748	1.29691	1.68198 
4.85803	-0.397741	1.63739	2.83923 
4.86053	-0.975003	2.15577	5.59796 
4.86303	-1.96353	3.0597	13.2172 
4.86553	-4.19006	5.1081	43.6493 
4.86803	-14.9137	14.9758	446.694 
4.87053	18.2627	-15.5223	574.47 
4.87303	6.75741	-4.92513	69.9195 
4.87553	4.47853	-2.80647	27.9335 
4.87803	3.48973	-1.8665	15.662 
4.88053	2.9307	-1.31167	10.3095 
4.88303	2.56934	-0.92457	7.45632 
4.88553	2.31841	-0.618237	5.75724 
4.88803	2.14056	-0.345995	4.7017 
4.89053	2.02271	-0.0711735	4.09642 
4.89303	1.9734	0.255427	3.95956 
4.89553	2.04825	0.750131	4.75804 
4.89803	2.54408	1.92957	10.1956 
4.90053	18.974	29.9796	1258.79 
4.90303	-0.595941	-2.71171	7.70849 
4.90554	0.0693836	-1.25464	1.57893 
4.90804	0.171935	-0.728074	0.559654 
4.91054	0.12779	-0.415892	0.189296 
4.91304	0.00672367	-0.180911	0.0327741 
4.91554	-0.17983	0.0255341	0.0329907 
4.91804	-0.444743	0.230293	0.250831 
4.92054	-0.826207	0.457729	0.892134 
4.92304	-1.41205	0.744195	2.54772 
4.92554	-2.42796	1.17039	7.2648 
4.92804	-4.65219	2.00298	25.6548 
4.93054	-13.6874	5.14182	213.783 
4.93304	28.188	-8.95803	874.811 
4.93554	8.16702	-2.09222	71.0775 
4.93804	5.1339	-0.971835	27.3014 
4.94054	3.89369	-0.447328	15.361 
4.94304	3.21157	-0.0952178	10.3233 
4.94554	2.77586	0.198049	7.7446 
4.94804	2.47201	0.484189	6.34529 
4.95054	2.24951	0.802981	5.70509 
4.95304	2.08544	1.20622	5.80404 
4.95554	1.9748	1.79435	7.11953 
4.95804	1.93887	2.83743	11.8102 
4.96054	2.10646	5.48398	34.5112 
4.96304	5.16731	32.4659	1080.74 
4.96554	0.123909	-8.93153	79.7876 
4.96804	0.578028	-3.95505	15.9765 
4.97054	0.607475	-2.51502	6.69434 
4.97304	0.538912	-1.81175	3.57288 
4.97554	0.419914	-1.38469	2.0937 
4.97804	0.256961	-1.09187	1.2582 
4.98054	0.0401189	-0.875732	0.768516 
4.98304	-0.257528	-0.709914	0.570299 
4.98554	-0.695764	-0.583744	0.824845 
4.98804	-1.42295	-0.500726	2.27552 
4.99054	-2.92265	-0.497955	8.78985 
4.99304	-8.16278	-0.83963	67.3359 
4.99554	33.5557	3.07904	1135.47 
4.99805	6.86658	0.793744	47.78 
5.00055	4.15734	0.692276	17.7627 
5.00305	3.08937	0.753026	10.1113 
5.00555	2.49015	0.876849	6.9697 
5.00805	2.08279	1.04919	5.43884 
5.01055	1.76455	1.27743	4.74548 
5.01305	1.48316	1.58551	4.71359 
5.01555	1.19971	2.02455	5.53809 
5.01805	0.865517	2.70965	8.09134 
5.02055	0.375784	3.9542	15.7769 
5.02305	-0.659304	7.00511	49.5063 
5.02555	-7.08327	27.563	809.892 
5.02805	5.82451	-14.5803	246.51 
5.03055	3.02387	-5.75642	42.2802 
5.03305	2.26572	-3.56061	17.8114 
5.03555	1.87082	-2.55398	10.0228 
5.03805	1.60025	-1.97225	6.45058 
5.04055	1.38081	-1.59308	4.44454 
5.04305	1.17859	-1.32989	3.15768 
5.04555	0.969491	-1.14529	2.2516 
5.04805	0.725024	-1.02729	1.58099 
5.05055	0.391166	-0.989105	1.13134 
5.05305	-0.187374	-1.10591	1.25814 
5.05555	-1.83127	-1.82594	6.68762 
5.05805	31.6255	16.9692	1288.13 
5.06055	3.43185	1.48241	13.9752 
5.06305	2.13807	0.962445	5.49764 
5.06555	1.60432	0.880142	3.3485 
5.06805	1.26013	0.927487	2.44815 
5.07055	0.977136	1.04624	2.04941 
5.07305	0.702184	1.22716	1.99899 
5.07555	0.397249	1.48349	2.35856 
5.07805	0.0156895	1.85357	3.43596 
5.08055	-0.527991	2.42723	6.1702 
5.08305	-1.44672	3.44422	13.9556 
5.08555	-3.51983	5.79724	45.9972 
5.08805	-14.0314	17.8563	515.729 
5.09056	15.5319	-16.1385	501.691 
5.09306	6.18929	-5.41114	67.5877 
5.09556	4.22199	-3.15499	27.7792 
5.09806	3.34981	-2.15147	15.85 
5.10056	2.84783	-1.56624	10.5632 
5.10306	2.51676	-1.168	7.69829 
5.10556	2.28055	-0.865346	5.94974 
5.10806	2.10569	-0.6121	4.80862 
5.11056	1.9788	-0.377271	4.05799 
5.11306	1.903	-0.127721	3.6377 
5.11556	1.91493	0.20399	3.70858 
5.11806	2.22401	0.908811	5.77217 
5.12056	22.4696	28.0328	1290.72 
5.12306	0.0743337	-1.37285	1.89024 
5.12556	0.440963	-0.595711	0.549319 
5.12806	0.455325	-0.267879	0.27908 
5.13056	0.36956	-0.0425531	0.138386 
5.13306	0.224216	0.151413	0.0731988 
5.13556	0.0212621	0.343049	0.118135 
5.13806	-0.256508	0.553431	0.372083 
5.14056	-0.650286	0.808588	1.07669 
5.14306	-1.2518	1.15546	2.90211 
5.14556	-2.29655	1.70697	8.18788 
5.14806	-4.60747	2.85035	29.3533 
5.15056	-14.4021	7.49746	263.632 
5.15306	25.9829	-11.3388	803.682 
5.15556	8.19563	-2.9431	75.8301 
5.15806	5.27669	-1.49916	30.0909 
5.16056	4.06693	-0.844628	17.2533 
5.16306	3.39983	-0.428815	11.7427 
5.16556	2.97568	-0.104298	8.86554 
5.16806	2.68408	0.192261	7.24125 
5.17056	2.47736	0.503756	6.39107 
5.17306	2.33649	0.879314	6.2324 
5.17556	2.26453	1.40838	7.11164 
5.17806	2.30549	2.3283	10.7363 
5.18057	2.69105	4.66568	29.0103 
5.18307	9.05124	32.573	1142.93 
5.18557	-0.373867	-7.17895	51.6771 
5.18807	0.391965	-3.25086	10.7217 
5.19057	0.511444	-2.06375	4.52064 
5.19307	0.480381	-1.46709	2.38311 
5.19557	0.376478	-1.09321	1.33684 
5.19807	0.21474	-0.826384	0.729024 
5.20057	-0.0130543	-0.618058	0.382166 
5.20307	-0.336408	-0.443612	0.309962 
5.20557	-0.82391	-0.288127	0.761844 
5.20807	-1.64887	-0.139595	2.73826 
5.21057	-3.38578	0.0196893	11.4639 
5.21307	-9.70405	0.270252	94.2416 
5.21557	32.9304	-0.494421	1084.65 
5.21807	7.6421	0.15339	58.4253 
5.22057	4.72572	0.345019	22.4515 
5.22307	3.56833	0.512985	12.9962 
5.22557	2.92615	0.689851	9.03823 
5.22807	2.50021	0.89175	7.04629 
5.23057	2.18031	1.13674	6.04593 
5.23307	1.91301	1.45318	5.77134 
5.23557	1.66338	1.89392	6.35378 
5.23807	1.39515	2.57453	8.57463 
5.24057	1.03961	3.80959	15.5938 
5.24307	0.348646	6.87339	47.3651 
5.24557	-4.0503	29.4922	886.195 
5.24807	3.9902	-13.3339	193.715 
5.25057	2.39628	-5.44918	35.4357 
5.25307	1.91042	-3.40574	15.2488 
5.25557	1.62731	-2.45703	8.68516 
5.25807	1.41008	-1.90543	5.61901 
5.26057	1.21346	-1.54514	3.85994 
5.26307	1.01244	-1.29579	2.70411 
5.26557	0.783422	-1.12324	1.87541 
5.26807	0.490563	-1.01825	1.27748 
5.27057	0.0565225	-0.998437	1.00007 
5.27308	-0.753356	-1.15215	1.89499 
5.27558	-3.23395	-2.01396	14.5145 
5.27808	33.0738	13.3508	1272.12 
5.28058	4.62171	1.62114	23.9883 
5.28308	2.87632	1.07395	9.42655 
5.28558	2.18048	0.980419	5.71572 
5.28808	1.75939	1.02502	4.14613 
5.29058	1.43766	1.14675	3.38191 
5.29308	1.14654	1.33611	3.09976 
5.29558	0.842931	1.6078	3.29554 
5.29808	0.48094	2.00408	4.24764 
5.30058	-0.0175461	2.62448	6.88819 
5.30308	-0.84338	3.73698	14.6763 
5.30558	-2.7023	6.35745	47.7196 
5.30808	-12.6515	20.6926	588.243 
5.31058	12.8732	-16.2875	431 
5.31308	5.54947	-5.73747	63.7152 
5.31558	3.91197	-3.40953	26.9285 
5.31808	3.16667	-2.36856	15.6379 
5.32058	2.7267	-1.76599	10.5536 
5.32308	2.42735	-1.36364	7.75152 
5.32558	2.20432	-1.06813	5.99995 
5.32808	2.02757	-0.834725	4.80782 
5.33058	1.88183	-0.638207	3.94861 
5.33308	1.76052	-0.460827	3.31178 
5.33558	1.66752	-0.282316	2.86032 
5.33808	1.65092	-0.0403157	2.72716 
5.34058	25.6673	25.6064	1314.5 
5.34308	0.971782	-0.256022	1.00991 
5.34558	0.950235	-0.019965	0.903345 
5.34808	0.843929	0.143203	0.732723 
5.35058	0.701562	0.296356	0.580017 
5.35308	0.524917	0.457264	0.484629 
5.35558	0.303412	0.639004	0.500385 
5.35808	0.0146399	0.858375	0.737022 
5.36058	-0.385116	1.14391	1.45684 
5.36308	-0.989287	1.554	3.3936 
5.36559	-2.03685	2.23583	9.14767 
5.36809	-4.37383	3.70787	32.8787 
5.37059	-14.7295	10.0875	318.717 
5.37309	23.5395	-13.2735	730.293 
5.37559	8.04975	-3.7447	78.8213 
5.37809	5.31577	-2.01169	32.3043 
5.38059	4.1657	-1.23787	18.8854 
5.38309	3.52797	-0.763751	13.0299 
5.38559	3.12236	-0.411756	9.91866 
5.38809	2.84517	-0.108266	8.10673 
5.39059	2.65222	0.191855	7.0711 
5.39309	2.52763	0.53396	6.67403 
5.39559	2.47958	0.994167	7.13671 
5.39809	2.56603	1.76999	9.71737 
5.40059	3.08582	3.72867	23.4252 
5.40309	12.978	32.1202	1200.14 
5.40559	-0.498352	-5.45703	30.0275 
5.40809	0.378002	-2.51375	6.46182 
5.41059	0.534544	-1.57901	2.77902 
5.41309	0.518098	-1.09013	1.45681 
5.41559	0.417791	-0.769469	0.766633 
5.41809	0.251668	-0.527192	0.341268 
5.42059	0.0112848	-0.323378	0.104701 
5.42309	-0.335895	-0.134324	0.130868 
5.42559	-0.866572	0.0611359	0.754685 
5.42809	-1.77656	0.295907	3.24374 
5.43059	-3.72489	0.662282	14.3134 
5.43309	-11.0995	1.74646	126.249 
5.43559	31.8257	-3.8453	1027.66 
5.43809	8.25158	-0.60595	68.4557 
5.44059	5.21622	-0.0851562	27.2162 
5.44309	4.00048	0.206418	16.0464 
5.44559	3.33031	0.444156	11.2883 
5.44809	2.89398	0.678711	8.83575 
5.45059	2.5769	0.940103	7.52422 
5.45309	2.32574	1.26113	6.99953 
5.4556	2.1099	1.69532	7.3258 
5.4581	1.90544	2.35548	9.17897 
5.4606	1.67922	3.54815	15.4092 
5.4631	1.32781	6.53737	44.5003 
5.4656	-0.662868	31.0028	961.61 
5.4681	2.51352	-11.8553	146.866 
5.4706	1.87772	-4.99968	28.5226 
5.4731	1.6228	-3.15079	12.5609 
5.4756	1.43566	-2.27931	7.25637 
5.4781	1.2636	-1.76727	4.71993 
5.4806	1.08478	-1.42969	3.22075 
5.4831	0.881392	-1.19378	2.20195 
5.4856	0.629385	-1.02856	1.45406 
5.4881	0.284609	-0.925932	0.938353 
5.4906	-0.255561	-0.903096	0.880894 
5.4931	-1.31303	-1.04573	2.81758 
5.4956	-4.73487	-1.88868	25.9861 
5.4981	33.9908	9.61672	1247.86 
5.5006	5.78469	1.5117	35.7479 
5.5031	3.63179	1.049	14.2903 
5.5056	2.78422	0.982871	8.71794 
5.5081	2.29097	1.04275	6.33585 
5.5106	1.93386	1.17641	5.12375 
5.5131	1.62989	1.37782	4.55492 
5.5156	1.3317	1.6643	4.54333 
5.5181	0.995146	2.08186	5.32446 
5.5206	0.551535	2.73783	7.79988 
5.5231	-0.162247	3.92297	15.416 
5.5256	-1.75408	6.75916	48.763 
5.5281	-10.765	23.3996	663.428 
5.5306	10.3759	-15.9982	363.603 
5.5331	4.88858	-5.89248	58.6195 
5.5356	3.58408	-3.55868	25.5098 
5.5381	2.96982	-2.50729	15.1063 
5.5406	2.59376	-1.90088	10.341 
5.5431	2.32598	-1.50139	7.66437 
5.5456	2.11386	-1.21594	5.94692 
5.54811	1.93022	-1.00199	4.72974 
5.55061	1.75631	-0.839828	3.78994 
5.55311	1.57161	-0.725441	2.99622 
5.55561	1.3334	-0.680928	2.24163 
5.55811	0.847932	-0.860097	1.45876 
5.56061	28.5053	22.7583	1330.49 
5.56311	2.05567	0.611905	4.60021 
5.56561	1.58877	0.450308	2.72697 
5.56811	1.33818	0.48767	2.02853 
5.57061	1.12816	0.585826	1.61595 
5.57311	0.915364	0.722808	1.36034 
5.57561	0.674505	0.89983	1.26465 
5.57811	0.377501	1.13102	1.4217 
5.58061	-0.0212043	1.44809	2.09741 
5.58311	-0.614333	1.92122	4.06849 
5.58561	-1.6375	2.73248	10.1479 
5.58811	-3.93548	4.53747	36.0766 
5.59061	-14.6074	12.8484	378.457 
5.59311	20.9554	-14.7352	656.256 
5.59561	7.76421	-4.4584	80.1602 
5.59811	5.27395	-2.48374	33.9836 
5.60061	4.20903	-1.60714	20.2989 
5.60311	3.61323	-1.08297	14.2283 
5.60561	3.23203	-0.708626	10.9482 
5.60811	2.97056	-0.402036	8.98584 
5.61061	2.78847	-0.116805	7.78921 
5.61311	2.67198	0.187718	7.17469 
5.61561	2.63093	0.572635	7.2497 
5.61811	2.7265	1.19028	8.85055 
5.62061	3.2777	2.71664	18.1234 
5.62311	16.8701	31.1068	1252.24 
5.62561	-0.258431	-3.82812	14.7213 
5.62811	0.553565	-1.77709	3.46449 
5.63061	0.697188	-1.08333	1.65967 
5.63311	0.673412	-0.698445	0.941309 
5.63561	0.565853	-0.428499	0.503801 
5.63811	0.390487	-0.208074	0.195775 
5.64062	0.136901	-0.00512612	0.0187682 
5.64312	-0.230683	0.204068	0.0948581 
5.64562	-0.795915	0.448756	0.834862 
5.64812	-1.77345	0.787612	3.76545 
5.65062	-3.896	1.40628	17.1565 
5.65312	-12.2602	3.57233	163.074 
5.65562	30.31	-6.89735	966.269 
5.65812	8.69828	-1.43859	77.7296 
5.66062	5.63296	-0.573721	32.0594 
5.66312	4.39182	-0.149695	19.3105 
5.66562	3.70974	0.153119	13.7856 
5.66812	3.27159	0.421478	10.881 
5.67062	2.96167	0.697869	9.25849 
5.67312	2.72784	1.01927	8.48002 
5.67562	2.54397	1.43869	8.54162 
5.67812	2.39755	2.063	10.0042 
5.68062	2.28834	3.18128	15.3571 
5.68312	2.25144	6.007	41.1531 
5.68562	3.02769	32.0381	1035.61 
5.68812	1.43793	-10.2144	106.402 
5.69062	1.51479	-4.43158	21.9334 
5.69312	1.44292	-2.80863	9.97039 
5.69562	1.33264	-2.02936	5.89422 
5.69812	1.19605	-1.56406	3.87684 
5.70062	1.02957	-1.25164	2.62662 
5.70312	0.820648	-1.02782	1.72988 
5.70562	0.543892	-0.864473	1.04313 
5.70812	0.146278	-0.752763	0.58805 
5.71062	-0.501022	-0.704152	0.746853 
5.71312	-1.81184	-0.783748	3.89704 
5.71562	-6.25347	-1.41914	41.1198 
5.71812	34.391	5.86093	1217.09 
5.72062	6.89577	1.17927	48.9423 
5.72312	4.39783	0.894857	20.1417 
5.72562	3.41657	0.890379	12.4657 
5.72812	2.85969	0.981659	9.14147 
5.73063	2.47257	1.13504	7.4019 
5.73313	2.15996	1.35116	6.49104 
5.73563	1.87125	1.6509	6.22705 
5.73813	1.56501	2.08346	6.79008 
5.74063	1.18355	2.76165	9.02753 
5.74313	0.595969	3.99215	16.2924 
5.74563	-0.687007	6.9792	49.1813 
5.74813	-8.36714	25.8933	740.475 
5.75063	8.13273	-15.3125	300.613 
5.75313	4.26961	-5.87276	52.7189 
5.75563	3.28728	-3.59613	23.7384 
5.75813	2.80238	-2.56091	14.4116 
5.76063	2.48933	-1.96393	10.0538 
5.76313	2.25161	-1.57385	7.54675 
5.76563	2.0477	-1.3006	5.88466 
5.76813	1.85251	-1.10447	4.65164 
5.77063	1.64226	-0.970518	3.63893 
5.77313	1.37857	-0.905887	2.72108 
5.77563	0.958871	-0.967069	1.85466 
5.77813	-0.136957	-1.49406	2.25096 
5.78063	30.9466	19.5589	1340.24 
5.78313	3.29614	1.2159	12.3429 
5.78563	2.35787	0.798572	6.19725 
5.78813	1.94893	0.751702	4.36338 
5.79063	1.6647	0.813591	3.43314 
5.79313	1.41339	0.936438	2.8746 
5.79563	1.15391	1.11389	2.57225 
5.79813	0.852373	1.35898	2.57337 
5.80063	0.46226	1.70712	3.12796 
5.80313	-0.105949	2.24003	5.02894 
5.80563	-1.07748	3.17367	11.2331 
5.80813	-3.26971	5.30115	38.7932 
5.81063	-13.9695	15.7079	441.884 
5.81313	18.3465	-15.712	583.458 
5.81563	7.39662	-5.05118	80.2245 
5.81813	5.19525	-2.89199	35.3542 
5.82063	4.23633	-1.93371	21.6857 
5.82314	3.69291	-1.37007	15.5147 
5.82564	3.34087	-0.979517	12.1209 
5.82814	3.0957	-0.673742	10.0373 
5.83064	2.92103	-0.406108	8.69733 
5.83314	2.80384	-0.141338	7.88149 
5.83564	2.75171	0.165729	7.5994 
5.83814	2.81679	0.619154	8.31764 
5.84064	3.28044	1.67998	13.5836 
5.84314	20.6693	29.549	1300.36 
5.84564	0.344996	-2.34681	5.62653 
5.84814	0.947697	-1.07284	2.04911 
5.85064	1.03376	-0.598975	1.42743 
5.85314	0.982927	-0.309773	1.06211 
5.85564	0.858709	-0.0857285	0.74473 
5.85814	0.670503	0.116584	0.463166 
5.86064	0.404453	0.322434	0.267546 
5.86314	0.0215832	0.556517	0.310177 
5.86564	-0.567107	0.857737	1.05732 
5.86814	-1.59031	1.31461	4.25729 
5.87064	-3.83935	2.22282	19.6816 
5.87314	-13.0787	5.71791	203.748 
5.87564	28.4853	-9.5848	903.282 
5.87814	9.0174	-2.29768	86.5928 
5.88064	6.00809	-1.0937	37.2933 
5.88314	4.77501	-0.535893	23.0879 
5.88564	4.09765	-0.167448	16.8188 
5.88814	3.66658	0.133949	13.4618 
5.89064	3.36803	0.423025	11.5226 
5.89314	3.15211	0.740414	10.484 
5.89564	2.99696	1.13735	10.2753 
5.89814	2.8998	1.71177	11.339 
5.90064	2.88835	2.72627	15.7751 
5.90314	3.11996	5.30252	37.8508 
5.90564	6.98603	32.5553	1108.65 
5.90814	0.8192	-8.48205	72.6163 
5.91064	1.37436	-3.7727	16.1221 
5.91314	1.43414	-2.39551	7.79522 
5.91565	1.37986	-1.71857	4.8575 
5.91815	1.26849	-1.30467	3.31124 
5.92065	1.10918	-1.0184	2.26742 
5.92315	0.892596	-0.804479	1.44391 
5.92565	0.59124	-0.63704	0.755386 
5.92815	0.143081	-0.504543	0.275036 
5.93065	-0.606666	-0.407123	0.533793 
5.93315	-2.16473	-0.370007	4.82296 
5.93565	-7.67208	-0.58511	59.2032 
5.93815	34.3362	2.17719	1183.72 
5.94065	7.96865	0.657693	63.932 
5.94315	5.20242	0.625209	27.4561 
5.94565	4.11234	0.710944	17.4168 
5.94815	3.50413	0.847181	12.9966 
5.95065	3.09452	1.02658	10.6299 
5.95315	2.77861	1.25903	9.30584 
5.95565	2.50373	1.56956	8.73216 
5.95815	2.2319	2.00983	9.02081 
5.96065	1.91754	2.69534	10.9418 
5.96315	1.46484	3.94062	17.6743 
5.96565	0.518786	7.0028	49.3083 
5.96815	-5.43074	28.0942	818.774 
5.97065	6.26447	-14.2817	243.211 
5.97315	3.79322	-5.68231	46.6772 
5.97565	3.11029	-3.52017	22.0656 
5.97815	2.74825	-2.526	13.9335 
5.98065	2.4953	-1.95079	10.0321 
5.98315	2.28563	-1.57588	7.70749 
5.98565	2.08771	-1.3161	6.09065 
5.98815	1.87766	-1.13486	4.81354 
5.99065	1.62526	-1.02102	3.68395 
5.99315	1.27087	-0.989286	2.59379 
5.99565	0.640175	-1.11951	1.66312 
5.99815	-1.19873	-1.8885	5.00338 
6.00065	33.0139	16.0895	1348.79 
6.00315	4.7102	1.55364	24.5998 
6.00566	3.30417	1.01553	11.9489 
6.00816	2.73331	0.926663	8.32969 
6.01066	2.37372	0.971612	6.57857 
6.01316	2.08497	1.09028	5.53583 
6.01566	1.80992	1.273	4.89634 
6.01816	1.5092	1.53324	4.62852 
6.02066	1.13627	1.91033	4.9405 
6.02316	0.607281	2.49669	6.60227 
6.02566	-0.28575	3.53958	12.6103 
6.02816	-2.30611	5.96384	40.8855 
6.03066	-12.7061	18.5881	506.961 
6.03316	15.8857	-16.206	514.99 
6.03566	7.06934	-5.49568	80.1781 
6.03816	5.18838	-3.21521	37.2569 
6.04066	4.35209	-2.19971	23.7794 
6.04316	3.87017	-1.60879	17.5664 
6.04566	3.5519	-1.20878	14.0771 
6.04816	3.32416	-0.907522	11.8736 
6.05066	3.15434	-0.659137	10.3843 
6.05316	3.02875	-0.43408	9.36176 
6.05566	2.94848	-0.203175	8.73479 
6.05816	2.94327	0.0889061	8.67074 
6.06066	3.1893	0.675483	10.6279 
6.06316	24.3937	27.481	1350.26 
6.06566	1.37652	-1.05663	3.01129 
6.06816	1.65848	-0.42846	2.93412 
6.07066	1.65094	-0.145256	2.74669 
6.07316	1.55797	0.0605771	2.43093 
6.07566	1.41117	0.245556	2.05169 
6.07816	1.20961	0.434342	1.65182 
6.08066	0.934864	0.646793	1.29231 
6.08316	0.545043	0.909492	1.12425 
6.08566	-0.0522231	1.27219	1.6212 
6.08816	-1.09391	1.85627	4.64237 
6.09066	-3.41092	3.08105	21.1272 
6.09316	-13.3603	8.14266	244.801 
6.09566	26.5581	-11.852	845.805 
6.09817	9.35039	-3.13495	97.2577 
6.10067	6.47842	-1.61456	44.5767 
6.10317	5.28793	-0.928703	28.8247 
6.10567	4.63393	-0.497488	21.7208 
6.10817	4.22095	-0.165514	17.8438 
6.11067	3.94006	0.133286	15.5419 
6.11317	3.74441	0.442456	14.2164 
6.11567	3.61585	0.810273	13.7309 
6.11817	3.55903	1.32304	14.4171 
6.12067	3.62235	2.20871	17.9998 
6.12317	4.05817	4.45726	36.3359 
6.12567	11.2929	32.5296	1185.71 
6.12817	0.825893	-6.72412	45.8959 
6.13067	1.64578	-3.05009	12.0116 
6.13317	1.78799	-1.92657	6.90861 
6.13567	1.77144	-1.35682	4.97896 
6.13817	1.67838	-0.99617	3.80932 
6.14067	1.5251	-0.735461	2.86684 
6.14317	1.30351	-0.528358	1.97829 
6.14567	0.983367	-0.350552	1.0899 
6.14817	0.493984	-0.185742	0.27852 
6.15067	-0.343872	-0.0171664	0.118542 
6.15317	-2.12666	0.189754	4.5587 
6.15567	-8.7034	0.626633	76.1419 
6.15817	34.0742	-1.33869	1162.84 
6.16067	9.19974	-0.00699191	84.6352 
6.16317	6.25608	0.264981	39.2087 
6.16567	5.09225	0.463038	26.1454 
6.16817	4.45307	0.654922	20.2587 
6.17067	4.03549	0.865157	17.0337 
6.17317	3.72792	1.11471	15.14 
6.17567	3.47686	1.43306	14.1422 
6.17817	3.24844	1.87336	14.0618 
6.18067	3.00954	2.55075	15.5636 
6.18317	2.70053	3.7787	21.5715 
6.18567	2.10963	6.83261	51.1352 
6.18817	-1.70637	29.9379	899.19 
6.19068	5.12436	-12.9566	194.133 
6.19318	3.80904	-5.32288	42.8418 
6.19568	3.4006	-3.32412	22.6139 
6.19818	3.15898	-2.39254	15.7034 
6.20068	2.97017	-1.84944	12.2423 
6.20318	2.79527	-1.49387	10.0452 
6.20568	2.61129	-1.24728	8.37452 
6.20818	2.39462	-1.0763	6.89264 
6.21068	2.10745	-0.972171	5.38647 
6.21318	1.66629	-0.952857	3.68444 
6.21568	0.815242	-1.10761	1.89143 
6.21818	-1.87202	-1.98001	7.4249 
6.22068	35.107	12.4556	1387.64 
6.22318	6.69275	1.65157	47.5205 
6.22568	4.86322	1.11685	24.8982 
6.22818	4.15201	1.02792	18.2958 
6.23068	3.73723	1.07602	15.1247 
6.23318	3.43235	1.20134	13.2242 
6.23568	3.16498	1.39492	11.9629 
6.23818	2.89096	1.67203	11.1533 
6.24068	2.56487	2.07592	10.888 
6.24318	2.1109	2.7083	11.7908 
6.24568	1.34483	3.84344	16.5806 
6.24818	-0.416558	6.5257	42.7583 
6.25068	-10.1294	21.4412	562.327 
6.25318	14.3642	-16.1979	468.702 
6.25568	7.56162	-5.73292	90.0445 
6.25818	6.05274	-3.39403	48.1551 
6.26068	5.38816	-2.34416	34.5273 
6.26318	5.01576	-1.73517	28.1686 
6.26568	4.78012	-1.32818	24.6136 
6.26818	4.62049	-1.02962	22.4091 
6.27068	4.50836	-0.795115	20.9575 
6.27318	4.42865	-0.600707	19.9738 
6.27568	4.37281	-0.4321	19.3081 
6.27818	4.33577	-0.279973	18.8773 
6.28069	4.31458	-0.137681	18.6345 

