0	-2.84217e-15	1.5099e-15	3.21834e-15 
0.063125	2.13163e-15	-5.9952e-16	2.21433e-15 
0.12625	1.28786e-15	2.51542e-16	1.31219e-15 
0.189375	1.94289e-15	1.10641e-15	2.23584e-15 
0.2525	3.90799e-15	-7.3623e-16	3.97673e-15 
0.315625	1.77636e-16	-2.62013e-15	2.62614e-15 
0.37875	4.44089e-16	-1.062e-15	1.15112e-15 
0.441875	-1.06581e-15	-1.05645e-15	1.50068e-15 
0.505	3.10862e-15	6.4012e-16	3.17385e-15 
0.568125	1.24345e-15	-8.88178e-16	1.52808e-15 
0.63125	-3.77476e-16	-2.08341e-15	2.11733e-15 
0.694375	1.59872e-15	4.4028e-16	1.65824e-15 
0.7575	-2.66454e-16	1.20601e-15	1.23509e-15 
0.820625	5.68434e-15	1.7375e-15	5.94396e-15 
0.88375	-1.19904e-15	1.09531e-15	1.62401e-15 
0.946875	2.30926e-15	2.60141e-17	2.30941e-15 
1.01	-1.77636e-15	2.57572e-15	3.12886e-15 
1.07313	-1.95399e-15	-6.88338e-16	2.07169e-15 
1.13625	1.68754e-15	-1.32498e-15	2.14554e-15 
1.19938	3.55271e-16	1.77255e-15	1.8078e-15 
1.2625	-1.70974e-15	-1.14005e-15	2.05498e-15 
1.32563	1.42109e-15	-3.63043e-15	3.89865e-15 
1.38875	-2.15383e-15	2.14752e-16	2.16451e-15 
1.45188	-2.13163e-15	-5.0144e-15	5.44867e-15 
1.515	-1.77636e-16	1.93799e-16	2.62892e-16 
1.57812	8.88178e-16	6.66134e-17	8.90673e-16 
1.64125	-8.88178e-16	1.20285e-15	1.49523e-15 
1.70437	1.90958e-15	-1.20285e-15	2.25685e-15 
1.7675	2.13163e-15	8.18521e-17	2.1332e-15 
1.83062	-7.10543e-16	-5.93969e-16	9.26105e-16 
1.89375	3.01981e-15	2.06121e-15	3.6562e-15 
1.95687	2.4869e-15	-6.62324e-16	2.57359e-15 
2.02	2.30926e-15	1.19904e-15	2.602e-15 
2.08312	-8.43769e-16	-1.63203e-15	1.83724e-15 
2.14625	-1.15463e-15	2.58301e-15	2.82933e-15 
2.20938	-1.55431e-15	1.41728e-15	2.10346e-15 
2.2725	2.4869e-15	-1.83535e-15	3.09082e-15 
2.33562	2.84217e-15	-8.88178e-17	2.84356e-15 
2.39875	2.13163e-15	-2.41648e-15	3.2223e-15 
2.46188	-1.77636e-15	1.64139e-15	2.41859e-15 
2.525	1.33227e-15	-3.29257e-16	1.37235e-15 
2.58812	-7.10543e-16	8.88178e-16	1.13742e-15 
2.65125	-2.30926e-15	-4.05992e-17	2.30962e-15 
2.71437	2.4869e-15	-9.36397e-16	2.65735e-15 
2.7775	4.44089e-16	-9.03417e-16	1.00667e-15 
2.84063	1.24345e-15	2.83107e-16	1.27527e-15 
2.90375	-2.93099e-15	-7.36557e-16	3.02212e-15 
2.96687	-7.10543e-16	-4.18075e-16	8.24414e-16 
3.03	-3.55271e-16	6.21725e-16	7.16072e-16 
3.09313	-1.77636e-16	8.88178e-17	1.98603e-16 
3.15625	-2.57572e-15	1.29417e-16	2.57897e-15 
3.21937	1.24345e-15	-7.58761e-16	1.45667e-15 
3.2825	8.88178e-16	5.47492e-16	1.04336e-15 
3.34563	1.06581e-15	6.66134e-16	1.25686e-15 
3.40875	7.54952e-16	-9.3988e-16	1.20554e-15 
3.47187	-1.42109e-15	-1.15082e-15	1.82863e-15 
3.535	3.10862e-16	-6.43439e-16	7.14597e-16 
3.59813	-2.66454e-15	-3.57492e-15	4.45868e-15 
3.66125	-4.10783e-16	5.81126e-16	7.11653e-16 
3.72438	1.33227e-15	6.17915e-16	1.46859e-15 
3.7875	-3.55271e-16	1.50294e-15	1.54436e-15 
3.85062	4.44089e-16	-1.4988e-16	4.687e-16 
3.91375	2.86438e-15	-1.4471e-15	3.20917e-15 
3.97688	7.63833e-15	1.4249e-15	7.7701e-15 
4.04	-1.26824e-15	-7.84446e-16	1.49124e-15 
4.10313	2.25515e-15	7.98815e-16	2.39245e-15 
4.16625	5.21986e-16	-1.18325e-15	1.29327e-15 
4.22938	-2.80984e-15	2.77467e-15	3.94893e-15 
4.2925	4.14419e-15	-1.02772e-15	4.26972e-15 
4.35562	-6.06919e-16	1.7956e-15	1.8954e-15 
4.41875	-1.01001e-15	5.70747e-16	1.16011e-15 
4.48187	-3.54509e-15	-1.24327e-16	3.54727e-15 
4.545	-1.89287e-15	8.26226e-16	2.06534e-15 
4.60813	-2.84217e-15	-8.55857e-16	2.96824e-15 
4.67125	-4.26326e-15	-2.08987e-15	4.74794e-15 
4.73438	2.84217e-15	5.39844e-16	2.89299e-15 
4.7975	-2.84217e-15	1.57177e-15	3.24783e-15 
4.86062	4.26326e-15	1.37675e-15	4.48004e-15 
4.92375	2.84217e-15	1.34333e-15	3.14364e-15 
4.98688	1.42109e-15	-1.41213e-15	2.0034e-15 
5.05	1.42109e-15	-1.84105e-15	2.32571e-15 
5.11313	-2.4869e-15	-5.8283e-16	2.55428e-15 
5.17625	1.42109e-15	5.87328e-15	6.04276e-15 
5.23937	-2.84217e-15	-6.78004e-16	2.92192e-15 
5.3025	2.84217e-15	-9.8805e-16	3.00902e-15 
5.36562	2.77556e-15	6.51876e-16	2.85108e-15 
5.42875	2.13163e-15	3.00646e-16	2.15273e-15 
5.49188	4.26326e-15	-3.51462e-15	5.52521e-15 
5.555	1.42109e-15	-2.35006e-16	1.44039e-15 
5.61813	-1.42109e-15	7.28137e-16	1.59677e-15 
5.68125	4.08562e-15	2.00355e-16	4.09053e-15 
5.74437	-2.13163e-15	6.14544e-16	2.21845e-15 
5.8075	0	-2.98277e-15	2.98277e-15 
5.87063	1.42109e-15	-4.92692e-15	5.12777e-15 
5.93375	-2.84217e-15	-3.6764e-16	2.86585e-15 
5.99688	2.13163e-15	1.06724e-15	2.38387e-15 
6.06	-7.10543e-16	-2.37401e-15	2.47806e-15 
6.12312	7.10543e-16	8.2011e-16	1.0851e-15 
6.18625	1.42109e-15	2.79834e-16	1.44838e-15 
6.24937	0	2.50089e-15	2.50089e-15 
6.3125	0	-9.66355e-16	9.66355e-16 
6.37563	2.84217e-15	-9.87558e-16	3.00885e-15 
6.43875	-4.26326e-15	-1.4632e-16	4.26577e-15 
6.50188	7.10543e-16	-6.83987e-16	9.8626e-16 
6.565	7.10543e-16	-2.48688e-15	2.58639e-15 
6.62812	2.84217e-15	-5.99352e-17	2.8428e-15 
6.69125	2.13163e-15	5.06072e-16	2.19088e-15 
6.75437	-7.10543e-16	-7.62928e-16	1.04256e-15 
6.8175	-1.42109e-15	-7.69563e-16	1.61608e-15 
6.88063	-5.32907e-16	1.33264e-15	1.43524e-15 
6.94375	1.42109e-15	1.74702e-15	2.25202e-15 
7.00687	-3.55271e-16	4.70991e-17	3.5838e-16 
7.07	-2.13163e-15	2.02183e-15	2.93796e-15 
7.13312	4.61853e-15	4.4279e-15	6.39821e-15 
7.19625	-1.42109e-15	-3.21593e-15	3.51592e-15 
7.25938	-2.13163e-15	4.8355e-17	2.13218e-15 
7.3225	3.19744e-15	5.63345e-16	3.24669e-15 
7.38563	0	-9.74047e-16	9.74047e-16 
7.44875	1.9762e-15	-8.37587e-16	2.14637e-15 
7.51187	-1.77636e-16	1.06656e-15	1.08125e-15 
7.575	1.06581e-15	-1.36319e-15	1.73039e-15 
7.63812	-2.84217e-15	5.6296e-16	2.89739e-15 
7.70125	-2.13163e-15	9.61471e-16	2.33843e-15 
7.76438	-1.42109e-15	-2.69811e-15	3.04947e-15 
7.8275	-1.42109e-15	3.03576e-15	3.35191e-15 
7.89062	1.42109e-15	1.8348e-15	2.32077e-15 
7.95375	1.42109e-15	3.32573e-16	1.45948e-15 
8.01688	0	2.96341e-15	2.96341e-15 
8.08	1.42109e-15	2.64979e-15	3.0068e-15 
8.14312	1.06581e-15	-1.76323e-15	2.06032e-15 
8.20625	-1.77636e-15	2.63644e-15	3.17904e-15 
8.26938	-3.55271e-15	-2.53482e-15	4.36429e-15 
8.3325	-2.84217e-15	1.41004e-16	2.84567e-15 
8.39563	-2.84217e-15	2.92813e-15	4.08068e-15 
8.45875	5.68434e-15	2.85944e-15	6.36303e-15 
8.52187	-1.42109e-15	4.67357e-16	1.49596e-15 
8.585	8.88178e-16	7.06097e-16	1.13465e-15 
8.64813	0	3.16878e-16	3.16878e-16 
8.71125	1.42109e-15	4.25184e-16	1.48333e-15 
8.77437	2.84217e-15	-1.12895e-15	3.05818e-15 
8.8375	1.42109e-15	2.74925e-15	3.09481e-15 
8.90062	1.24345e-15	-1.94311e-15	2.30691e-15 
8.96375	2.13163e-15	-6.09031e-15	6.45257e-15 
9.02688	1.42109e-15	-4.22564e-15	4.4582e-15 
9.09	-1.42109e-15	-3.52376e-16	1.46412e-15 
9.15312	-7.99361e-16	2.06385e-15	2.21325e-15 
9.21625	2.84217e-15	8.48236e-16	2.96605e-15 
9.27937	-5.68434e-15	7.28736e-16	5.73086e-15 
9.3425	-7.10543e-16	6.40255e-16	9.5645e-16 
9.40563	3.55271e-16	-4.23396e-16	5.52704e-16 
9.46875	0	1.53155e-15	1.53155e-15 
9.53187	0	2.2134e-15	2.2134e-15 
9.595	7.1913e-16	-1.54234e-15	1.70175e-15 
9.65813	-1.42109e-15	1.10025e-15	1.79723e-15 
9.72125	-2.84217e-15	-2.54856e-15	3.81747e-15 
9.78438	2.22045e-15	1.46714e-15	2.66137e-15 
9.8475	4.26326e-15	-4.73483e-15	6.37134e-15 
9.91062	-1.42109e-15	3.19085e-15	3.49299e-15 
9.97375	-2.4869e-15	-4.51773e-16	2.5276e-15 
10.0369	-4.26326e-15	-1.54333e-16	4.26605e-15 
10.1	-7.10543e-16	1.55977e-15	1.71399e-15 
10.1631	-7.10543e-16	-2.92206e-15	3.0072e-15 
10.2263	4.26326e-15	2.41667e-15	4.90058e-15 
10.2894	6.75016e-15	1.50626e-15	6.91617e-15 
10.3525	-4.26326e-15	1.34434e-15	4.47019e-15 
10.4156	7.10543e-16	3.75604e-16	8.0371e-16 
10.4787	-1.42109e-15	-1.85586e-15	2.33745e-15 
10.5419	-1.42109e-15	-7.11866e-15	7.25911e-15 
10.605	-1.46549e-15	-1.76746e-15	2.296e-15 
10.6681	1.42109e-15	-2.95181e-15	3.27607e-15 
10.7312	-7.10543e-16	-2.76857e-15	2.8583e-15 
10.7944	-1.42109e-15	-1.4111e-15	2.00267e-15 
10.8575	0	2.46781e-16	2.46781e-16 
10.9206	0	1.88072e-15	1.88072e-15 
10.9838	-2.84217e-15	-5.11512e-17	2.84263e-15 
11.0469	2.13163e-15	1.22507e-15	2.45858e-15 
11.11	1.42109e-15	-1.86001e-15	2.34075e-15 
11.1731	1.42109e-15	3.02921e-15	3.34598e-15 
11.2363	-4.26326e-15	1.72319e-15	4.59834e-15 
11.2994	1.42109e-15	-1.16319e-15	1.83643e-15 
11.3625	4.26326e-15	-3.56434e-17	4.26341e-15 
11.4256	0	3.71109e-15	3.71109e-15 
11.4887	-1.77636e-15	-2.28657e-15	2.89549e-15 
11.5519	-2.84217e-15	6.62516e-16	2.91837e-15 
11.615	-1.24345e-15	2.2844e-16	1.26426e-15 
11.6781	-4.26326e-15	1.94406e-15	4.68559e-15 
11.7413	0	6.16415e-16	6.16415e-16 
11.8044	0	-4.2719e-16	4.2719e-16 
11.8675	-1.42109e-15	1.42239e-15	2.01064e-15 
11.9306	-1.33227e-16	-3.06695e-17	1.36711e-16 
11.9938	-4.26326e-15	-4.40785e-15	6.13225e-15 
12.0569	4.26326e-15	1.04525e-15	4.38952e-15 
12.12	-1.42109e-15	-1.63086e-15	2.16314e-15 
12.1831	1.42109e-15	4.75367e-16	1.49849e-15 
12.2462	7.10543e-16	1.71973e-15	1.86074e-15 
12.3094	0	-1.10939e-15	1.10939e-15 
12.3725	-1.42109e-15	-1.483e-15	2.05397e-15 
12.4356	-1.77636e-15	1.24135e-15	2.16712e-15 
12.4987	-2.84217e-15	-2.5015e-15	3.78622e-15 
12.5619	4.26326e-15	-1.98199e-16	4.26786e-15 
12.625	-7.10543e-16	3.72307e-17	7.11517e-16 
12.6881	0	1.29822e-15	1.29822e-15 
12.7513	2.84217e-15	5.24417e-17	2.84265e-15 
12.8144	-2.84217e-15	-3.93634e-15	4.85517e-15 
12.8775	-4.88498e-16	1.8388e-15	1.90258e-15 
12.9406	-2.84217e-15	1.57921e-15	3.25144e-15 
13.0038	-1.42109e-15	4.80284e-15	5.00867e-15 
13.0669	-3.55271e-15	1.80679e-15	3.98576e-15 
13.13	1.06581e-15	-1.16554e-15	1.57938e-15 
13.1931	-2.13163e-15	1.03611e-15	2.3701e-15 
13.2562	4.26326e-15	2.5808e-16	4.27106e-15 
13.3194	2.84217e-15	5.74945e-16	2.89974e-15 
13.3825	7.10543e-16	-9.4044e-16	1.17868e-15 
13.4456	4.26326e-15	1.93006e-15	4.6798e-15 
13.5087	-1.42109e-15	-3.14404e-16	1.45545e-15 
13.5719	-2.84217e-15	4.25506e-15	5.11698e-15 
13.635	1.42109e-15	1.91866e-15	2.38762e-15 
13.6981	3.19744e-15	-1.04757e-16	3.19916e-15 
13.7613	3.19744e-15	5.34339e-16	3.24178e-15 
13.8244	-1.42109e-15	-3.07996e-15	3.392e-15 
13.8875	4.26326e-15	2.30184e-15	4.84498e-15 
13.9506	0	-8.34925e-17	8.34925e-17 
14.0137	0	1.43316e-15	1.43316e-15 
14.0769	-1.42109e-15	-2.10043e-15	2.536e-15 
14.14	-3.55271e-16	8.54331e-16	9.25256e-16 
14.2031	6.99441e-16	3.16435e-16	7.6769e-16 
14.2662	-4.26326e-15	-1.12224e-15	4.40849e-15 
14.3294	-7.10543e-16	-1.89617e-16	7.35408e-16 
14.3925	1.42109e-15	1.3639e-16	1.42762e-15 
14.4556	2.84217e-15	2.48258e-15	3.77375e-15 
14.5188	-5.68434e-15	-5.98565e-16	5.71577e-15 
14.5819	-2.84217e-15	8.22065e-16	2.95867e-15 
14.645	1.1593e-15	1.16918e-15	1.6465e-15 
14.7081	6.10622e-16	-1.65232e-15	1.76154e-15 
14.7713	-6.67e-16	1.91336e-15	2.02629e-15 
14.8344	8.4522e-16	6.11362e-17	8.47428e-16 
14.8975	2.59138e-15	-1.04675e-15	2.7948e-15 
14.9606	7.02884e-16	-1.49058e-15	1.64799e-15 
15.0237	1.78135e-15	2.67366e-15	3.21273e-15 
15.0869	-8.24483e-16	-1.03435e-15	1.32274e-15 
15.15	3.58287e-15	1.67966e-15	3.95705e-15 
15.2131	-5.55672e-17	1.9193e-15	1.9201e-15 
15.2762	-2.25479e-15	-1.2609e-15	2.5834e-15 
15.3394	-4.14163e-16	-1.35717e-15	1.41895e-15 
15.4025	1.33082e-15	1.76039e-16	1.34242e-15 
15.4656	-1.0319e-15	5.58046e-16	1.17313e-15 
15.5288	6.11957e-16	2.12617e-15	2.21248e-15 
15.5919	-4.04419e-16	1.36553e-15	1.42416e-15 
15.655	-2.06184e-15	2.71313e-16	2.07961e-15 
15.7181	-2.88436e-16	1.13381e-15	1.16992e-15 
15.7812	2.23447e-15	-1.65406e-15	2.78006e-15 
15.8444	3.36891e-15	-1.07055e-15	3.53492e-15 
15.9075	1.34068e-15	-5.12744e-16	1.43538e-15 
15.9706	-2.18737e-15	-5.23504e-15	5.67364e-15 
16.0338	-2.52706e-15	1.13874e-15	2.77178e-15 
16.0969	-3.53078e-16	1.42579e-15	1.46886e-15 
16.16	2.73113e-16	1.22917e-15	1.25914e-15 
16.2231	-2.16644e-15	1.11313e-15	2.43568e-15 
16.2862	-1.91435e-15	1.50896e-15	2.43756e-15 
16.3494	-3.60381e-16	4.61711e-16	5.85706e-16 
16.4125	8.00317e-16	-1.51771e-16	8.14581e-16 
16.4756	-2.68366e-15	-5.32641e-15	5.96428e-15 
16.5388	2.38582e-15	1.23261e-15	2.68542e-15 
16.6019	5.95368e-16	7.23716e-16	9.37139e-16 
16.665	6.7453e-16	8.12882e-16	1.0563e-15 
16.7281	-2.07701e-16	3.9436e-15	3.94907e-15 
16.7913	7.96952e-16	7.39892e-16	1.08746e-15 
16.8544	1.92469e-15	1.45993e-15	2.41574e-15 
16.9175	2.63745e-15	2.94226e-16	2.65381e-15 
16.9806	-3.22413e-17	1.29221e-15	1.29261e-15 
17.0437	1.78788e-15	-2.59411e-15	3.15054e-15 
17.1069	-2.96417e-15	-2.69059e-16	2.97635e-15 
17.17	-2.16075e-15	-5.58819e-16	2.23184e-15 
17.2331	3.23549e-16	2.61214e-16	4.15833e-16 
17.2963	-1.30177e-15	-1.01519e-15	1.65082e-15 
17.3594	-1.79702e-15	1.94125e-15	2.64532e-15 
17.4225	5.9931e-16	-1.92169e-15	2.01297e-15 
17.4856	4.36221e-16	-6.29344e-16	7.65744e-16 
17.5487	-5.53239e-16	-3.84869e-16	6.73941e-16 
17.6119	-3.62386e-15	-1.78212e-15	4.03835e-15 
17.675	7.90318e-16	-1.19304e-15	1.43106e-15 
17.7381	-1.10823e-15	-3.02322e-15	3.21994e-15 
17.8012	6.76609e-16	-1.58295e-15	1.7215e-15 
17.8644	-1.72243e-15	4.03593e-16	1.76908e-15 
17.9275	2.61884e-15	-1.58111e-15	3.05913e-15 
17.9906	-2.4895e-15	8.12282e-16	2.61866e-15 
18.0538	-1.91534e-15	-9.79224e-16	2.15114e-15 
18.1169	1.32882e-15	-1.69144e-15	2.15098e-15 
18.18	2.8173e-15	1.74727e-15	3.31514e-15 
18.2431	2.45578e-15	5.0946e-16	2.50806e-15 
18.3062	9.38686e-16	-9.48856e-17	9.4347e-16 
18.3694	1.49057e-15	-4.33591e-16	1.55235e-15 
18.4325	4.14257e-16	-1.72253e-15	1.77164e-15 
18.4956	1.81835e-15	-4.09524e-15	4.48078e-15 
18.5587	4.9845e-16	-1.9018e-15	1.96603e-15 
18.6219	-3.3719e-15	-7.78261e-17	3.37279e-15 
18.685	2.88906e-15	-1.08971e-15	3.08774e-15 
18.7481	-1.00655e-15	-6.2059e-16	1.18249e-15 
18.8113	-9.34041e-16	1.18893e-16	9.41578e-16 
18.8744	-4.02429e-15	1.47191e-15	4.28502e-15 
18.9375	1.14835e-15	-1.76446e-15	2.10524e-15 
19.0006	-2.01705e-15	6.09726e-16	2.1072e-15 
19.0637	-1.09815e-15	-6.10188e-16	1.25629e-15 
19.1269	-1.07407e-15	-3.67836e-15	3.83196e-15 
19.19	1.08654e-15	1.62098e-15	1.95145e-15 
19.2531	-1.58408e-15	-9.07604e-16	1.82567e-15 
19.3163	1.79143e-15	-8.38415e-17	1.7934e-15 
19.3794	1.73628e-15	1.35764e-15	2.20406e-15 
19.4425	1.09513e-16	-1.32969e-16	1.72261e-16 
19.5056	-5.85403e-16	-1.33176e-15	1.45475e-15 
19.5688	-8.88333e-16	-1.31121e-15	1.58379e-15 
19.6319	-3.5934e-15	-4.31392e-15	5.61449e-15 
19.695	2.03614e-15	-3.86004e-16	2.07241e-15 
19.7581	1.66663e-16	9.28773e-16	9.43608e-16 
19.8212	2.77144e-16	1.34469e-15	1.37296e-15 
19.8844	-1.87728e-16	1.75443e-15	1.76444e-15 
19.9475	-1.07988e-15	-6.83582e-16	1.27806e-15 
20.0106	6.1145e-16	-2.99839e-15	3.0601e-15 
20.0738	2.92867e-15	-2.23758e-16	2.9372e-15 
20.1369	1.15998e-16	2.00756e-15	2.01091e-15 
20.2	-1.73853e-15	7.60824e-16	1.89772e-15 
20.2631	8.17448e-16	-1.84767e-15	2.02042e-15 
20.3263	6.5855e-16	3.96762e-16	7.68836e-16 
20.3894	-2.13061e-15	2.22003e-15	3.07702e-15 
20.4525	-1.17257e-15	-1.74896e-15	2.10566e-15 
20.5156	-7.00872e-16	6.82874e-17	7.04191e-16 
20.5787	2.89607e-15	-8.41679e-16	3.0159e-15 
20.6419	1.79097e-15	-8.7196e-16	1.99196e-15 
20.705	3.41666e-16	-5.44991e-16	6.43234e-16 
20.7681	2.83195e-16	1.83109e-15	1.85286e-15 
20.8313	-2.02884e-15	-1.49191e-16	2.03432e-15 
20.8944	-2.91397e-15	-1.40678e-15	3.23578e-15 
20.9575	1.3811e-15	2.38837e-16	1.4016e-15 
21.0206	-7.09431e-17	-3.2069e-15	3.20768e-15 
21.0837	-6.28019e-16	2.35135e-15	2.43378e-15 
21.1469	1.70885e-16	1.81854e-15	1.82655e-15 
21.21	1.6387e-15	3.11486e-16	1.66804e-15 
21.2731	9.10254e-16	-1.13505e-15	1.45496e-15 
21.3362	3.92383e-15	1.87148e-16	3.9283e-15 
21.3994	9.93884e-16	4.34469e-15	4.45692e-15 
21.4625	6.49683e-16	-2.27876e-17	6.50083e-16 
21.5256	4.29484e-17	-2.85949e-15	2.85981e-15 
21.5888	3.96719e-15	3.32701e-16	3.98112e-15 
21.6519	-8.9937e-16	-1.36433e-15	1.63409e-15 
21.715	-6.393e-16	8.83787e-16	1.09077e-15 
21.7781	4.55299e-15	1.62131e-15	4.83305e-15 
21.8412	-2.33055e-15	1.88944e-15	3.00025e-15 
21.9044	-1.25012e-15	5.89053e-16	1.38195e-15 
21.9675	-1.8235e-15	-2.27831e-15	2.91819e-15 
22.0306	-4.07333e-15	-1.44237e-15	4.32116e-15 
22.0938	3.73906e-16	7.5167e-16	8.39532e-16 
22.1569	3.22801e-15	2.86818e-15	4.31816e-15 
22.22	-2.85153e-15	6.72019e-16	2.92964e-15 
22.2831	-2.20208e-15	-8.95454e-16	2.37718e-15 
22.3463	2.14384e-15	2.2879e-15	3.13537e-15 
22.4094	4.37634e-15	1.15268e-15	4.52559e-15 
22.4725	-1.5283e-15	-1.61711e-15	2.22502e-15 
22.5356	3.03968e-16	7.46846e-16	8.06334e-16 
22.5987	-7.58027e-16	9.82025e-16	1.24056e-15 
22.6619	-2.1685e-15	4.96158e-16	2.22454e-15 
22.725	1.69136e-15	8.85353e-16	1.90907e-15 
22.7881	2.68376e-15	3.19211e-15	4.17039e-15 
22.8513	6.47128e-16	2.64267e-16	6.99008e-16 
22.9144	2.94845e-15	1.88878e-15	3.50155e-15 
22.9775	1.7892e-15	1.31673e-16	1.79404e-15 
23.0406	9.45279e-16	-5.24938e-16	1.08125e-15 
23.1038	3.45435e-16	-5.65827e-16	6.62937e-16 
23.1669	-1.06168e-15	1.86814e-15	2.14875e-15 
23.23	2.06861e-15	-1.34658e-15	2.46829e-15 
23.2931	-2.0363e-15	-1.68345e-15	2.64207e-15 
23.3562	-1.98368e-15	-1.36739e-15	2.4093e-15 
23.4194	-1.26814e-15	-2.31471e-16	1.28909e-15 
23.4825	-3.15249e-16	-2.64806e-15	2.66676e-15 
23.5456	-1.86074e-15	-2.52088e-16	1.87774e-15 
23.6088	1.26061e-15	-9.25841e-16	1.56407e-15 
23.6719	-1.51666e-15	-1.22297e-15	1.94831e-15 
23.735	1.68538e-15	-1.64125e-15	2.35249e-15 
23.7981	-1.6307e-15	2.00626e-15	2.5854e-15 
23.8612	-3.16986e-16	-6.79762e-16	7.50038e-16 
23.9244	-4.28468e-16	-4.7004e-16	6.36021e-16 
23.9875	7.68597e-16	1.00584e-15	1.26588e-15 
24.0506	1.01129e-15	-8.19695e-16	1.30177e-15 
24.1137	9.37777e-16	-2.54596e-15	2.71318e-15 
24.1769	-5.60626e-16	9.167e-16	1.07454e-15 
24.24	-7.92729e-16	2.20727e-16	8.22885e-16 
24.3031	-1.62994e-15	-3.23794e-15	3.62504e-15 
24.3663	5.44376e-16	1.18711e-15	1.30597e-15 
24.4294	2.0577e-15	2.07631e-15	2.92321e-15 
24.4925	3.50214e-15	1.05827e-16	3.50374e-15 
24.5556	-2.22766e-15	-2.59283e-15	3.41837e-15 
24.6187	-1.92378e-15	-2.41215e-15	3.08535e-15 
24.6819	3.81656e-16	3.69639e-15	3.71604e-15 
24.745	-2.02105e-15	1.13262e-15	2.31678e-15 
24.8081	-7.10543e-16	-3.77518e-16	8.04606e-16 
24.8712	-1.42109e-15	-2.35056e-16	1.44039e-15 
24.9344	0	-1.20407e-15	1.20407e-15 
24.9975	5.68434e-15	4.51151e-17	5.68452e-15 
25.0606	-1.68754e-15	-2.26441e-15	2.82407e-15 
25.1238	0	-1.20661e-15	1.20661e-15 
25.1869	-1.42109e-15	1.06004e-15	1.7729e-15 
25.25	-2.13163e-15	6.47737e-16	2.22787e-15 
25.3131	-1.06581e-15	-8.80522e-16	1.38249e-15 
25.3762	-1.42109e-15	2.47719e-17	1.4213e-15 
25.4394	0	-8.86828e-16	8.86828e-16 
25.5025	1.42109e-15	-8.54031e-16	1.65797e-15 
25.5656	-8.43769e-16	3.11505e-15	3.2273e-15 
25.6288	-5.68434e-15	-1.05089e-15	5.78067e-15 
25.6919	0	-2.80367e-15	2.80367e-15 
25.755	-5.68434e-15	-2.55733e-15	6.23311e-15 
25.8181	7.10543e-16	1.02998e-15	1.25129e-15 
25.8813	-3.10862e-15	-7.24975e-17	3.10947e-15 
25.9444	-7.10543e-16	-2.43842e-15	2.53983e-15 
26.0075	2.84217e-15	-2.78362e-15	3.97825e-15 
26.0706	5.68434e-15	-1.92735e-15	6.0022e-15 
26.1337	1.42109e-15	-3.22322e-16	1.45718e-15 
26.1969	4.26326e-15	-3.22554e-16	4.27544e-15 
26.26	-7.10543e-16	-1.17103e-15	1.36974e-15 
26.3231	-3.19744e-15	1.98827e-15	3.76522e-15 
26.3863	-7.10543e-16	-3.67466e-16	7.99939e-16 
26.4494	-7.10543e-15	-1.49473e-15	7.26095e-15 
26.5125	1.42109e-15	-1.28665e-15	1.91701e-15 
26.5756	-4.26326e-15	2.16162e-15	4.77995e-15 
26.6388	-2.84217e-15	5.32646e-16	2.89165e-15 
26.7019	-1.42109e-15	-8.43514e-16	1.65257e-15 
26.765	-2.13163e-15	1.08007e-15	2.38964e-15 
26.8281	7.10543e-16	1.63268e-15	1.78059e-15 
26.8912	-1.42109e-15	3.93865e-16	1.47466e-15 
26.9544	-1.95399e-15	1.10858e-15	2.24656e-15 
27.0175	8.88178e-16	-2.03062e-15	2.21637e-15 
27.0806	7.10543e-16	1.27434e-15	1.45905e-15 
27.1438	-1.77636e-15	3.1134e-16	1.80343e-15 
27.2069	-2.84217e-15	4.44649e-15	5.27723e-15 
27.27	-1.77636e-15	-2.72802e-15	3.25539e-15 
27.3331	-2.4869e-15	-2.94071e-15	3.85129e-15 
27.3962	-1.42109e-15	3.17653e-16	1.45616e-15 
27.4594	1.77636e-15	-7.29095e-16	1.92016e-15 
27.5225	1.42109e-15	3.52613e-16	1.46418e-15 
27.5856	2.30926e-15	6.51055e-16	2.39929e-15 
27.6487	5.10703e-16	-7.45492e-16	9.03646e-16 
27.7119	3.90799e-15	-2.35102e-15	4.56066e-15 
27.775	-1.42109e-15	-1.27643e-15	1.91017e-15 
27.8381	2.13163e-15	-9.7213e-16	2.34283e-15 
27.9013	-1.42109e-15	5.56698e-16	1.52624e-15 
27.9644	0	4.49476e-15	4.49476e-15 
28.0275	-1.42109e-15	1.33544e-16	1.42735e-15 
28.0906	-1.42109e-15	-6.00471e-16	1.54274e-15 
28.1537	-1.42109e-15	3.53105e-15	3.80628e-15 
28.2169	2.84217e-15	-2.15286e-15	3.5655e-15 
28.28	-7.10543e-16	2.07098e-16	7.40109e-16 
28.3431	0	1.4851e-15	1.4851e-15 
28.4062	-1.77636e-15	-5.30198e-16	1.85379e-15 
28.4694	-1.42109e-15	6.31337e-16	1.55501e-15 
28.5325	1.42109e-15	1.33425e-15	1.94928e-15 
28.5956	1.42109e-15	1.17307e-15	1.84271e-15 
28.6588	-1.42109e-15	-1.67646e-15	2.19772e-15 
28.7219	7.10543e-16	-1.84529e-15	1.97736e-15 
28.785	7.10543e-16	1.67998e-15	1.82406e-15 
28.8481	-1.42109e-15	-2.60379e-15	2.96634e-15 
28.9112	-5.68434e-15	8.92127e-16	5.75392e-15 
28.9744	0	-1.10492e-15	1.10492e-15 
29.0375	7.10543e-16	2.52927e-15	2.62718e-15 
29.1006	2.13163e-15	2.69389e-16	2.14858e-15 
29.1638	2.84217e-15	2.71938e-15	3.93357e-15 
29.2269	0	2.52431e-15	2.52431e-15 
29.29	-1.42109e-15	-1.02814e-15	1.75401e-15 
29.3531	-3.37508e-15	7.20804e-16	3.45119e-15 
29.4163	1.42109e-15	-3.83415e-16	1.4719e-15 
29.4794	-1.42109e-15	4.12882e-16	1.47985e-15 
29.5425	-7.10543e-16	1.94409e-15	2.06987e-15 
29.6056	3.19744e-15	3.23708e-15	4.54998e-15 
29.6687	1.42109e-15	2.31878e-15	2.7196e-15 
29.7319	0	3.47078e-15	3.47078e-15 
29.795	-3.06309e-15	1.00034e-15	3.22229e-15 
29.8581	0	-8.84935e-16	8.84935e-16 
29.9213	-1.42109e-15	1.47109e-15	2.04539e-15 
29.9844	-1.59872e-15	-1.51261e-15	2.20089e-15 
30.0475	-1.42109e-15	5.46185e-16	1.52243e-15 
30.1106	1.42109e-15	-2.73792e-15	3.08475e-15 
30.1737	-1.95399e-15	8.96139e-17	1.95605e-15 
30.2369	4.26326e-15	1.85214e-15	4.6482e-15 
30.3	-2.84217e-15	-7.32828e-16	2.93513e-15 
30.3631	0	-2.04635e-16	2.04635e-16 
30.4262	1.42109e-15	-2.06993e-15	2.51079e-15 
30.4894	-2.4869e-15	-2.7019e-15	3.67219e-15 
30.5525	-4.26326e-15	-1.33012e-16	4.26533e-15 
30.6156	1.42109e-15	6.6219e-16	1.56779e-15 
30.6788	0	-4.2577e-15	4.2577e-15 
30.7419	4.26326e-15	3.91351e-15	5.78713e-15 
30.805	-2.88658e-15	-2.81704e-16	2.90029e-15 
30.8681	4.26326e-15	2.39855e-15	4.89167e-15 
30.9312	-1.42109e-15	9.1451e-16	1.68991e-15 
30.9944	1.42109e-15	1.13441e-15	1.81834e-15 
31.0575	0	1.57702e-15	1.57702e-15 
31.1206	-2.84217e-15	1.33327e-15	3.13935e-15 
31.1837	-2.13163e-15	-3.06905e-15	3.7367e-15 
31.2469	2.84217e-15	-7.814e-16	2.94763e-15 
31.31	2.84217e-15	-2.57408e-16	2.8538e-15 
31.3731	-2.84217e-15	4.34413e-16	2.87518e-15 
31.4363	-1.42109e-15	-1.95078e-15	2.41351e-15 
31.4994	-2.84217e-15	2.42767e-15	3.73785e-15 
31.5625	0	1.47913e-16	1.47913e-16 
31.6256	0	1.41575e-15	1.41575e-15 
31.6887	1.42109e-15	-3.4666e-15	3.74657e-15 
31.7519	0	2.04251e-15	2.04251e-15 
31.815	0	1.24109e-15	1.24109e-15 
31.8781	2.84217e-15	-1.22471e-15	3.09481e-15 
31.9413	2.84217e-15	-1.06419e-15	3.03487e-15 
32.0044	2.13163e-15	-3.2489e-15	3.88577e-15 
32.0675	-4.26326e-15	-1.24573e-15	4.44153e-15 
32.1306	1.42109e-15	-2.13071e-15	2.56114e-15 
32.1938	2.84217e-15	-7.29311e-16	2.93425e-15 
32.2569	-1.42109e-15	3.26317e-15	3.55918e-15 
32.32	-1.42109e-15	9.88589e-16	1.73112e-15 
32.3831	0	5.77203e-17	5.77203e-17 
32.4462	2.13163e-15	1.71255e-15	2.73435e-15 
32.5094	-2.84217e-15	8.51764e-16	2.96706e-15 
32.5725	-2.84217e-15	4.69945e-15	5.49206e-15 
32.6356	-3.19744e-15	1.22222e-15	3.42308e-15 
32.6987	-7.10543e-16	1.9374e-15	2.06359e-15 
32.7619	1.42109e-15	4.20392e-15	4.43761e-15 
32.825	0	7.2723e-16	7.2723e-16 
32.8881	-3.55271e-15	-2.51843e-15	4.3548e-15 
32.9513	2.84217e-15	-2.90751e-15	4.0659e-15 
33.0144	-1.42109e-15	-1.0101e-15	1.7435e-15 
33.0775	-4.44089e-15	-8.38765e-17	4.44168e-15 
33.1406	2.84217e-15	9.3715e-16	2.99269e-15 
33.2037	-1.42109e-15	5.62467e-18	1.4211e-15 
33.2669	2.13163e-15	3.95273e-15	4.49087e-15 
33.33	-5.32907e-16	-2.50891e-16	5.89013e-16 
33.3931	2.84217e-15	2.34524e-16	2.85183e-15 
33.4562	-2.84217e-15	-2.86626e-16	2.85659e-15 
33.5194	2.84217e-15	-1.45953e-15	3.19502e-15 
33.5825	-3.55271e-15	-3.38488e-15	4.90706e-15 
33.6456	-1.42109e-15	-6.63139e-16	1.5682e-15 
33.7088	-5.68434e-15	-3.15297e-15	6.50023e-15 
33.7719	2.84217e-15	5.84159e-16	2.90158e-15 
33.835	-2.84217e-15	2.22607e-15	3.61017e-15 
33.8981	-3.19744e-15	2.30908e-16	3.20577e-15 
33.9612	1.77636e-15	2.0525e-15	2.71445e-15 
34.0244	-1.42109e-15	1.63949e-15	2.16966e-15 
34.0875	4.26326e-15	-1.31304e-15	4.46088e-15 
34.1506	1.42109e-15	-4.27813e-16	1.48408e-15 
34.2137	2.84217e-15	1.33581e-15	3.14043e-15 
34.2769	-4.26326e-15	2.41706e-16	4.2701e-15 
34.34	3.55271e-15	-1.19341e-15	3.7478e-15 
34.4031	-9.10383e-16	8.7825e-16	1.26496e-15 
34.4663	7.10543e-16	1.60396e-15	1.75429e-15 
34.5294	-7.10543e-16	1.01188e-16	7.17712e-16 
34.5925	-4.26326e-15	6.48651e-16	4.31232e-15 
34.6556	0	-4.11751e-15	4.11751e-15 
34.7188	1.42109e-15	5.44144e-16	1.5217e-15 
34.7819	-1.42109e-15	3.27145e-15	3.56677e-15 
34.845	-1.8785e-16	-8.87551e-16	9.07212e-16 
34.9081	1.04885e-16	2.2854e-15	2.28781e-15 
34.9712	1.16999e-15	2.72118e-15	2.96204e-15 
35.0344	-2.32572e-15	1.96656e-17	2.32581e-15 
35.0975	-2.31397e-15	-1.8325e-15	2.9517e-15 
35.1606	3.71785e-15	-5.17867e-16	3.75374e-15 
35.2238	-2.06127e-15	-2.78688e-15	3.46634e-15 
35.2869	5.16451e-16	7.58581e-16	9.17697e-16 
35.35	6.26002e-16	6.6609e-16	9.14086e-16 
35.4131	1.17021e-15	-1.39948e-15	1.82426e-15 
35.4763	6.40209e-16	-2.25948e-16	6.78911e-16 
35.5394	-2.84938e-15	-2.41709e-16	2.85961e-15 
35.6025	7.43182e-16	1.1021e-16	7.5131e-16 
35.6656	1.57409e-15	-7.83563e-16	1.75833e-15 
35.7287	1.716e-16	2.88838e-18	1.71624e-16 
35.7919	-2.41876e-15	3.41369e-16	2.44273e-15 
35.855	1.82672e-15	6.44621e-16	1.93713e-15 
35.9181	1.12004e-17	-1.12307e-15	1.12312e-15 
35.9813	-2.60105e-16	3.63931e-16	4.47326e-16 
36.0444	1.19592e-15	-2.88705e-16	1.23027e-15 
36.1075	-4.31864e-16	-7.63462e-16	8.77144e-16 
36.1706	-3.52799e-15	-1.60006e-15	3.87387e-15 
36.2338	-4.6608e-15	1.45428e-15	4.88241e-15 
36.2969	-1.74286e-15	4.99816e-17	1.74358e-15 
36.36	4.39056e-16	1.04268e-15	1.13135e-15 
36.4231	8.51818e-16	3.21657e-16	9.10525e-16 
36.4862	-4.04392e-16	7.21811e-16	8.27372e-16 
36.5494	-5.02789e-16	1.12531e-15	1.23253e-15 
36.6125	2.04295e-15	1.23367e-15	2.38654e-15 
36.6756	6.54573e-16	1.0422e-15	1.23071e-15 
36.7388	-1.93507e-15	-4.61804e-17	1.93562e-15 
36.8019	3.19636e-16	-2.151e-15	2.17462e-15 
36.865	-2.2329e-15	8.22583e-16	2.3796e-15 
36.9281	-4.62229e-16	-4.39025e-16	6.37494e-16 
36.9913	5.90194e-15	2.39456e-15	6.36921e-15 
37.0544	4.9352e-16	9.13825e-16	1.03857e-15 
37.1175	2.28788e-15	2.58785e-15	3.45418e-15 
37.1806	2.5474e-16	2.45078e-15	2.46398e-15 
37.2437	-2.91666e-15	4.4106e-16	2.94982e-15 
37.3069	2.53737e-15	-5.82585e-16	2.60339e-15 
37.37	-1.38744e-15	5.92294e-16	1.50858e-15 
37.4331	-1.92371e-16	1.758e-15	1.76849e-15 
37.4963	-1.13872e-15	2.7003e-15	2.93058e-15 
37.5594	-1.95842e-15	1.3272e-15	2.36577e-15 
37.6225	-1.55123e-15	9.96808e-16	1.84389e-15 
37.6856	-1.89285e-16	-1.03173e-15	1.04895e-15 
37.7488	-4.0292e-16	1.11301e-15	1.1837e-15 
37.8119	1.04639e-15	-2.08368e-16	1.06693e-15 
37.875	-1.84368e-15	1.1362e-15	2.16566e-15 
37.9381	-1.37e-16	-2.50322e-15	2.50696e-15 
38.0012	5.03657e-16	-1.14461e-15	1.25052e-15 
38.0644	1.22522e-15	1.75831e-15	2.14309e-15 
38.1275	-6.488e-16	-3.30611e-17	6.49642e-16 
38.1906	2.0714e-15	7.87175e-16	2.21593e-15 
38.2537	-2.00497e-16	2.41273e-15	2.42104e-15 
38.3169	-3.84544e-15	6.98073e-16	3.90829e-15 
38.38	-3.31642e-15	2.35664e-16	3.32478e-15 
38.4431	2.67161e-15	-2.48616e-15	3.64945e-15 
38.5063	7.98832e-16	1.91874e-15	2.07839e-15 
38.5694	3.10645e-15	-5.45781e-16	3.15403e-15 
38.6325	-6.27836e-16	-1.51506e-15	1.63999e-15 
38.6956	-5.11518e-16	-1.46861e-16	5.32183e-16 
38.7587	1.94068e-15	-1.56357e-16	1.94696e-15 
38.8219	-1.55734e-15	-1.83024e-17	1.55745e-15 
38.885	-1.28426e-15	-1.29693e-15	1.8252e-15 
38.9481	-4.92341e-16	1.95942e-15	2.02033e-15 
39.0112	-2.86142e-15	6.01791e-17	2.86205e-15 
39.0744	1.00327e-15	-1.65564e-15	1.9359e-15 
39.1375	-3.93837e-15	2.02e-15	4.42618e-15 
39.2006	-4.96973e-15	1.00516e-15	5.07036e-15 
39.2638	-1.91198e-15	3.29991e-15	3.8138e-15 
39.3269	7.61755e-16	2.07748e-15	2.21273e-15 
39.39	-8.17567e-16	4.5128e-16	9.33847e-16 
39.4531	1.62129e-15	2.34261e-16	1.63813e-15 
39.5162	-2.04165e-15	7.66275e-16	2.18071e-15 
39.5794	-4.54324e-15	3.26373e-16	4.55495e-15 
39.6425	1.6455e-15	-3.05077e-15	3.46625e-15 
39.7056	8.71048e-16	9.82849e-17	8.76576e-16 
39.7687	-1.66958e-15	-9.98889e-16	1.94558e-15 
39.8319	1.62137e-15	-5.10912e-17	1.62217e-15 
39.895	7.40684e-16	1.13593e-15	1.35608e-15 
39.9581	-1.02004e-15	-2.8547e-16	1.05923e-15 
40.0213	1.0393e-16	1.62419e-15	1.62752e-15 
40.0844	1.12702e-15	-5.99125e-16	1.27637e-15 
40.1475	-2.42726e-15	-4.25365e-16	2.46425e-15 
40.2106	1.97334e-15	2.02123e-15	2.82479e-15 
40.2737	-6.29239e-16	-4.52859e-15	4.57209e-15 
40.3369	-2.08672e-16	-5.65189e-16	6.02481e-16 
40.4	8.25568e-16	1.1175e-15	1.38938e-15 
40.4631	5.2402e-17	-1.98711e-15	1.9878e-15 
40.5262	1.40697e-15	-9.25366e-16	1.68401e-15 
40.5894	-1.26411e-15	3.33015e-16	1.30724e-15 
40.6525	-3.06724e-15	2.67618e-15	4.07061e-15 
40.7156	-1.31611e-16	7.392e-16	7.50825e-16 
40.7788	5.02021e-16	-3.06394e-15	3.1048e-15 
40.8419	3.41987e-15	-1.5572e-15	3.75771e-15 
40.905	-7.58655e-16	-7.23463e-16	1.04831e-15 
40.9681	3.58168e-15	4.7674e-16	3.61327e-15 
41.0312	3.45104e-15	-2.10359e-15	4.04163e-15 
41.0944	6.22811e-16	4.00679e-15	4.0549e-15 
41.1575	5.97383e-17	-1.24667e-15	1.2481e-15 
41.2206	3.79972e-17	-3.44116e-16	3.46208e-16 
41.2837	-1.77487e-16	-1.15744e-15	1.17097e-15 
41.3469	3.33424e-16	-3.42834e-16	4.78233e-16 
41.41	1.4399e-15	1.16221e-15	1.85041e-15 
41.4731	-1.42081e-16	-1.08857e-15	1.0978e-15 
41.5363	2.56645e-15	2.88677e-15	3.86265e-15 
41.5994	6.32158e-16	1.61978e-15	1.73877e-15 
41.6625	-1.5259e-15	5.83704e-17	1.52702e-15 
41.7256	2.96395e-15	1.66887e-15	3.40149e-15 
41.7888	9.33596e-16	-5.39729e-18	9.33612e-16 
41.8519	2.26183e-15	1.02932e-15	2.48503e-15 
41.915	2.86701e-15	1.05655e-15	3.05549e-15 
41.9781	2.5802e-15	-2.5759e-15	3.64591e-15 
42.0412	-7.42867e-17	-3.19384e-16	3.2791e-16 
42.1044	-6.26559e-16	1.55682e-15	1.67817e-15 
42.1675	-1.90326e-15	1.69814e-15	2.5507e-15 
42.2306	-1.87288e-15	-1.38525e-15	2.3295e-15 
42.2938	-3.12668e-15	-4.06822e-16	3.15304e-15 
42.3569	3.21338e-15	2.84133e-15	4.2894e-15 
42.42	-6.4587e-16	-2.92948e-15	2.99983e-15 
42.4831	2.47267e-15	-3.79524e-16	2.50163e-15 
42.5463	1.10037e-15	-4.53517e-16	1.19016e-15 
42.6094	1.36163e-15	1.70921e-15	2.18527e-15 
42.6725	1.16094e-15	2.10834e-15	2.40684e-15 
42.7356	1.3074e-15	7.90934e-16	1.52803e-15 
42.7987	-1.09221e-15	-1.2727e-15	1.67711e-15 
42.8619	2.24125e-16	2.10613e-15	2.11802e-15 
42.925	7.93941e-17	9.58208e-16	9.61492e-16 
42.9881	4.73973e-15	-8.81832e-16	4.82107e-15 
43.0513	1.3681e-15	9.30459e-16	1.65453e-15 
43.1144	-7.6938e-16	-1.11665e-15	1.35605e-15 
43.1775	-1.29459e-15	-1.8858e-15	2.2874e-15 
43.2406	-1.00686e-15	7.41624e-16	1.25051e-15 
43.3038	4.99851e-16	1.03802e-15	1.1521e-15 
43.3669	-3.57267e-15	3.36997e-16	3.58852e-15 
43.43	1.58062e-15	-9.83956e-16	1.86186e-15 
43.4931	-1.40328e-15	-1.46985e-15	2.03215e-15 
43.5562	-4.21145e-16	-3.38819e-16	5.4052e-16 
43.6194	-2.90337e-15	-2.2591e-16	2.91214e-15 
43.6825	1.20052e-15	-1.26987e-15	1.74751e-15 
43.7456	-2.32749e-15	3.8159e-16	2.35857e-15 
43.8088	-3.20075e-15	-4.01089e-17	3.201e-15 
43.8719	2.28725e-15	-1.16772e-15	2.56809e-15 
43.935	-1.67546e-15	4.57725e-15	4.87426e-15 
43.9981	-1.05354e-15	-9.58836e-16	1.42454e-15 
44.0613	3.55168e-15	-2.33195e-15	4.24882e-15 
44.1244	-1.28055e-15	1.72671e-15	2.14973e-15 
44.1875	-3.97371e-16	1.89024e-15	1.93155e-15 
44.2506	1.81523e-15	3.14884e-15	3.63459e-15 
44.3137	3.10318e-15	9.55132e-16	3.24685e-15 
44.3769	3.86213e-15	-1.0048e-15	3.99069e-15 
44.44	-8.73703e-16	2.52108e-15	2.66818e-15 
44.5031	4.64709e-16	1.48969e-16	4.88002e-16 
44.5662	-4.31051e-16	6.78412e-17	4.36357e-16 
44.6294	2.22902e-15	-1.66902e-15	2.78463e-15 
44.6925	-1.31339e-15	-2.15354e-15	2.52245e-15 
44.7556	-2.1739e-15	-8.3806e-17	2.17551e-15 
44.8188	1.22774e-15	-2.23983e-15	2.55424e-15 
44.8819	5.12355e-16	-2.93608e-15	2.98045e-15 
44.945	-4.82017e-17	-1.46568e-15	1.46647e-15 
45.0081	26.5763	-2.11942e-17	26.5763 
45.0712	-10.2423	-1.17617e-15	10.2423 
45.1344	-37.5577	1.28176e-15	37.5577 
45.1975	-33.3636	-1.0996e-15	33.3636 
45.2606	-3.03505	-1.11038e-15	3.03505 
45.3237	28.9589	3.87891e-15	28.9589 
45.3869	39.8033	-3.29278e-15	39.8033 
45.45	23.7648	1.33353e-15	23.7648 
45.5131	-6.9332	-1.14105e-15	6.9332 
45.5763	-32.7575	1.34506e-15	32.7575 
45.6394	-39.5564	-3.40121e-16	39.5564 
45.7025	-25.352	2.48353e-15	25.352 
45.7656	0.950978	6.95602e-16	0.950978 
45.8287	26.0422	-5.34647e-16	26.0422 
45.8919	39.1894	3.65421e-15	39.1894 
45.955	36.3007	2.58027e-15	36.3007 
46.0181	20.1263	1.42179e-16	20.1263 
46.0812	-2.31073	2.04444e-15	2.31073 
46.1444	-23.1701	-1.52979e-15	23.1701 
46.2075	-36.556	-6.16847e-16	36.556 
46.2706	-39.8311	1.60059e-15	39.8311 
46.3338	-33.5278	-3.54085e-15	33.5278 
46.3969	-20.3627	7.4521e-16	20.3627 
46.46	-3.96445	2.65483e-15	3.96445 
46.5231	12.222	1.96202e-15	12.222 
46.5862	25.6237	-2.22404e-15	25.6237 
46.6494	34.7957	-1.2775e-15	34.7957 
46.7125	39.3456	2.20042e-15	39.3456 
46.7756	39.6702	-2.07897e-15	39.6702 
46.8387	36.635	-2.71635e-15	36.635 
46.9019	31.2861	1.08519e-15	31.2861 
46.965	24.6377	2.27226e-17	24.6377 
47.0281	17.5458	-2.00349e-15	17.5458 
47.0913	10.6551	-1.12761e-15	10.6551 
47.1544	4.39957	2.33165e-15	4.39957 
47.2175	-0.966731	-1.93564e-15	0.966731 
47.2806	-5.3248	4.85052e-16	5.3248 
47.3438	-8.64427	1.73482e-15	8.64427 
47.4069	-10.9426	-2.48856e-15	10.9426 
47.47	-12.2531	-1.31155e-15	12.2531 
47.5331	-12.6028	1.19126e-15	12.6028 
47.5962	-11.9999	5.93416e-16	11.9999 
47.6594	-10.4306	-7.83405e-16	10.4306 
47.7225	-7.86446	2.30217e-15	7.86446 
47.7856	-4.26986	1.98155e-15	4.26986 
47.8488	0.361475	1.82694e-16	0.361475 
47.9119	5.97995	3.31407e-16	5.97995 
47.975	12.4354	3.01766e-16	12.4354 
48.0381	19.43	9.66991e-16	19.43 
48.1013	26.4762	-4.05424e-15	26.4762 
48.1644	32.8712	1.04858e-15	32.8712 
48.2275	37.7094	-1.00075e-15	37.7094 
48.2906	39.9524	-1.44618e-15	39.9524 
48.3537	38.5777	6.72457e-16	38.5777 
48.4169	32.8136	1.90096e-15	32.8136 
48.48	22.4417	3.89418e-15	22.4417 
48.5431	8.11337	4.05744e-17	8.11337 
48.6063	-8.42367	1.37787e-15	8.42367 
48.6694	-24.3235	-4.36427e-16	24.3235 
48.7325	-36.0067	3.11706e-15	36.0067 
48.7956	-39.9665	-2.55128e-15	39.9665 
48.8588	-33.9436	-3.63563e-15	33.9436 
48.9219	-18.176	5.78824e-16	18.176 
48.985	3.79248	6.02691e-16	3.79248 
49.0481	25.3579	-1.13882e-15	25.3579 
49.1112	38.5782	1.18071e-15	38.5782 
49.1744	37.2299	-5.99092e-16	37.2299 
49.2375	20.2094	-3.1342e-15	20.2094 
49.3006	-6.45903	4.76618e-16	6.45903 
49.3638	-30.8056	1.20191e-15	30.8056 
49.4269	-39.9497	-7.04635e-16	39.9497 
49.49	-27.3727	-7.70023e-16	27.3727 
49.5531	1.53238	2.54398e-15	1.53238 
49.6163	30.1918	-8.27527e-16	30.1918 
49.6794	39.6798	1.27942e-15	39.6798 
49.7425	21.8235	-1.44958e-15	21.8235 
49.8056	-12.3943	2.56312e-15	12.3943 
49.8687	-37.7291	-8.79694e-16	37.7291 
49.9319	-32.9312	-2.42998e-15	32.9312 
49.995	0.00314159	9.90782e-17	0.00314159 
50.0581	33.4928	-3.38228e-16	33.4928 
50.1213	36.209	1.75968e-15	36.209 
50.1844	3.57737	1.46352e-15	3.57737 
50.2475	-33.1717	-4.65463e-16	33.1717 
50.3106	-35.1134	3.63819e-15	35.1134 
50.3738	1.84523	-1.10686e-15	1.84523 
50.4369	37.1147	-2.41892e-15	37.1147 
50.5	28.2843	-2.40341e-15	28.2843 
50.5631	-15.8409	1.98219e-15	15.8409 
50.6262	-39.9417	-2.6471e-15	39.9417 
50.6894	-10.8288	3.28435e-16	10.8288 
50.7525	33.5187	1.04277e-16	33.5187 
50.8156	30.1912	-6.17215e-16	30.1912 
50.8787	-17.8456	-4.29819e-15	17.8456 
50.9419	-38.9057	-8.12076e-16	38.9057 
51.005	1.25957	2.81256e-15	1.25957 
51.0681	39.572	-1.3258e-15	39.572 
51.1313	11.7945	1.30892e-15	11.7945 
51.1944	-36.4059	-1.33059e-15	36.4059 
51.2575	-20.2202	4.78514e-15	20.2202 
51.3206	32.8376	-2.45279e-15	32.8376 
51.3837	24.5397	2.78924e-16	24.5397 
51.4469	-30.8963	3.48966e-15	30.8963 
51.51	-25.4873	2.72865e-15	25.4873 
51.5731	31.3911	1.51741e-15	31.3911 
51.6362	23.2755	-5.73603e-16	23.2755 
51.6994	-34.1302	-2.40051e-15	34.1302 
51.7625	-17.4387	-1.27497e-15	17.4387 
51.8256	37.8599	-4.48501e-15	37.8599 
51.8888	7.20169	2.14818e-15	7.20169 
51.9519	-39.9986	-5.88423e-16	39.9986 
52.015	7.52302	-2.96216e-16	7.52302 
52.0781	36.6549	-1.10467e-16	36.6549 
52.1412	-24.5115	2.8249e-15	24.5115 
52.2044	-23.8387	-8.85719e-16	23.8387 
52.2675	37.701	-2.05056e-15	37.701 
52.3306	0.714625	-1.50429e-15	0.714625 
52.3937	-37.8418	-4.50361e-16	37.8418 
52.4569	25.8568	-1.60108e-15	25.8568 
52.52	18.1148	5.96591e-16	18.1148 
52.5831	-39.9558	1.15113e-15	39.9558 
52.6463	15.6132	1.02901e-16	15.6132 
52.7094	25.6696	-2.00767e-16	25.6696 
52.7725	-39.2131	1.77915e-15	39.2131 
52.8356	12.7507	1.49798e-15	12.7507 
52.8987	25.714	-3.62858e-16	25.714 
52.9619	-39.6878	-3.31691e-15	39.6878 
53.025	18.2296	-5.88239e-16	18.2296 
53.0881	18.2697	-3.16371e-16	18.2697 
53.1512	-39.3962	-2.33997e-15	39.3962 
53.2144	29.9801	6.30023e-16	29.9801 
53.2775	1.00442	3.6286e-15	1.00442 
53.3406	-30.6375	-1.01239e-15	30.6375 
53.4038	39.6926	2.02032e-16	39.6926 
53.4669	-24.1895	1.84767e-15	24.1895 
53.53	-4.9011	-4.96293e-16	4.9011 
53.5931	30.575	2.13693e-16	30.575 
53.6562	-39.9908	1.57486e-16	39.9908 
53.7194	30.1081	-2.29482e-15	30.1081 
53.7825	-7.16248	4.73328e-16	7.16248 
53.8456	-18.0104	-1.07558e-15	18.0104 
53.9087	35.4485	3.14044e-16	35.4485 
53.9719	-39.7343	-5.30619e-15	39.7343 
54.035	30.9184	4.44337e-15	30.9184 
54.0981	-13.2095	1.41211e-15	13.2095 
54.1613	-7.37158	1.6108e-15	7.37158 
54.2244	25.2206	2.17579e-15	25.2206 
54.2875	-36.5763	3.00931e-15	36.5763 
54.3506	39.982	2.55342e-15	39.982 
54.4138	-35.9866	-1.05784e-15	35.9866 
54.4769	26.444	-2.84815e-15	26.444 
54.54	-13.7385	-1.20048e-16	13.7385 
54.6031	0.158306	-2.07363e-15	0.158306 
54.6662	12.4934	-3.44288e-15	12.4934 
54.7294	-23.0528	-2.72013e-15	23.0528 
54.7925	30.9757	-2.28129e-15	30.9757 
54.8556	-36.2148	-1.03799e-16	36.2148 
54.9188	39.0611	5.74611e-16	39.0611 
54.9819	-39.9915	-1.21685e-15	39.9915 
55.045	-3.23737e-17	1.15138e-15	1.15184e-15 
55.1081	-9.43666e-16	-1.85213e-15	2.07868e-15 
55.1713	2.99691e-15	2.31011e-15	3.78393e-15 
55.2344	-1.29446e-15	-2.07353e-15	2.44441e-15 
55.2975	1.99669e-15	1.7371e-15	2.64656e-15 
55.3606	-3.74149e-16	-7.00697e-16	7.94333e-16 
55.4237	-3.10742e-16	-1.27266e-15	1.31004e-15 
55.4869	-2.97428e-15	-9.75321e-16	3.13011e-15 
55.55	1.6213e-15	1.14374e-15	1.98413e-15 
55.6131	1.06958e-15	-1.70734e-15	2.0147e-15 
55.6763	1.92052e-15	2.43857e-17	1.92067e-15 
55.7394	-1.51464e-15	3.33995e-16	1.55103e-15 
55.8025	1.20983e-16	1.23264e-15	1.23856e-15 
55.8656	5.16791e-16	-1.07885e-16	5.27932e-16 
55.9288	3.89031e-15	1.82384e-15	4.29661e-15 
55.9919	-3.38462e-15	-4.34062e-15	5.50424e-15 
56.055	2.08725e-15	-3.60925e-15	4.16933e-15 
56.1181	1.88104e-15	1.11961e-15	2.18903e-15 
56.1812	2.88584e-15	-3.09425e-15	4.23113e-15 
56.2444	-1.09535e-15	-1.45099e-15	1.81801e-15 
56.3075	1.74319e-16	-7.23897e-17	1.88752e-16 
56.3706	-1.71571e-15	-2.14563e-15	2.74725e-15 
56.4338	-1.1272e-15	1.64703e-15	1.99581e-15 
56.4969	1.27096e-15	-9.15306e-16	1.56625e-15 
56.56	1.85034e-15	-1.00989e-15	2.10799e-15 
56.6231	-8.62855e-16	6.74637e-17	8.65488e-16 
56.6863	-2.53351e-15	2.46632e-16	2.54549e-15 
56.7494	7.71056e-16	-1.7025e-15	1.86896e-15 
56.8125	6.8344e-16	2.36638e-15	2.4631e-15 
56.8756	7.36355e-16	2.77013e-15	2.86633e-15 
56.9387	-2.58403e-16	1.22184e-16	2.85834e-16 
57.0019	1.555e-15	1.7684e-15	2.35483e-15 
57.065	-5.34615e-17	-1.28204e-15	1.28316e-15 
57.1281	2.76752e-15	1.0728e-16	2.7696e-15 
57.1912	1.25731e-16	-7.90874e-16	8.00806e-16 
57.2544	-6.18946e-15	1.18935e-16	6.1906e-15 
57.3175	-4.39319e-16	6.28733e-16	7.67011e-16 
57.3806	3.76276e-15	-5.53948e-16	3.80331e-15 
57.4438	-3.75364e-15	-1.67507e-15	4.11044e-15 
57.5069	-5.33377e-16	-1.54713e-15	1.63649e-15 
57.57	-1.48395e-15	-1.60591e-17	1.48404e-15 
57.6331	1.09424e-15	-3.83611e-15	3.98912e-15 
57.6962	1.6321e-15	-1.39096e-15	2.14442e-15 
57.7594	6.70838e-16	6.53041e-16	9.36209e-16 
57.8225	2.20558e-15	-1.24705e-15	2.53371e-15 
57.8856	-7.2164e-16	-6.24883e-16	9.54591e-16 
57.9487	3.81842e-16	1.01744e-15	1.08673e-15 
58.0119	2.70257e-15	-4.23559e-15	5.02436e-15 
58.075	-3.32685e-15	7.02091e-16	3.40013e-15 
58.1381	-2.91029e-16	1.11747e-15	1.15475e-15 
58.2013	2.0589e-15	4.73091e-16	2.11256e-15 
58.2644	-2.02193e-15	-1.88236e-15	2.76251e-15 
58.3275	2.86107e-15	1.81167e-15	3.38642e-15 
58.3906	-4.13159e-15	-1.63893e-15	4.44479e-15 
58.4537	1.38568e-15	-1.88298e-15	2.33789e-15 
58.5169	-2.19475e-16	-1.97663e-15	1.98878e-15 
58.58	-1.56316e-15	-6.34322e-16	1.68696e-15 
58.6431	8.96944e-16	-9.61082e-16	1.31461e-15 
58.7062	-7.86293e-16	9.00889e-16	1.19577e-15 
58.7694	-4.47928e-16	-4.42172e-16	6.29409e-16 
58.8325	-1.65667e-15	-2.93589e-16	1.68249e-15 
58.8956	-4.19449e-15	2.21688e-15	4.74429e-15 
58.9588	-3.36852e-15	2.38386e-15	4.12671e-15 
59.0219	-2.75642e-15	1.04185e-15	2.94675e-15 
59.085	1.44522e-15	1.98354e-15	2.4542e-15 
59.1481	-9.02303e-16	1.44233e-15	1.70132e-15 
59.2112	2.03191e-15	-1.64781e-15	2.61609e-15 
59.2744	3.8991e-15	2.38935e-15	4.57296e-15 
59.3375	2.95106e-15	-1.63032e-15	3.37145e-15 
59.4006	7.15468e-16	-1.32009e-15	1.50151e-15 
59.4637	-3.23983e-16	3.61099e-15	3.62549e-15 
59.5269	-1.10904e-15	-1.41352e-15	1.79667e-15 
59.59	2.33523e-15	-2.64441e-16	2.35016e-15 
59.6531	-1.00244e-17	-1.84985e-15	1.84987e-15 
59.7163	-8.95363e-17	1.46773e-15	1.47045e-15 
59.7794	3.90867e-16	1.74433e-15	1.78758e-15 
59.8425	-1.48883e-15	-6.49794e-16	1.62445e-15 
59.9056	-4.14165e-16	6.69026e-16	7.86847e-16 
59.9688	6.54464e-16	-2.92542e-16	7.16871e-16 
60.0319	4.00644e-16	1.06302e-15	1.13601e-15 
60.095	2.55466e-15	2.56228e-15	3.61823e-15 
60.1581	2.55235e-15	1.03019e-15	2.75241e-15 
60.2212	3.17276e-15	-1.86578e-15	3.68069e-15 
60.2844	1.41184e-15	-5.43065e-16	1.51268e-15 
60.3475	-1.56974e-16	3.07536e-15	3.07936e-15 
60.4106	2.85944e-15	1.58976e-15	3.27165e-15 
60.4738	3.13436e-16	1.81794e-15	1.84476e-15 
60.5369	3.24577e-15	-1.73213e-15	3.67904e-15 
60.6	-9.71169e-16	1.92233e-15	2.15372e-15 
60.6631	2.34073e-15	2.30187e-16	2.35202e-15 
60.7263	5.84004e-16	1.39052e-15	1.50818e-15 
60.7894	7.66097e-16	-2.53422e-15	2.64748e-15 
60.8525	-3.14011e-15	-8.01245e-16	3.24072e-15 
60.9156	-3.43344e-16	-9.80682e-16	1.03905e-15 
60.9787	-5.6836e-15	-1.15988e-15	5.80075e-15 
61.0419	-3.58761e-15	-7.2191e-16	3.65952e-15 
61.105	-1.58453e-15	-4.20671e-15	4.49523e-15 
61.1681	1.13673e-15	-1.08362e-15	1.57047e-15 
61.2313	2.6861e-15	6.30284e-16	2.75905e-15 
61.2944	4.88623e-15	1.97949e-15	5.27197e-15 
61.3575	3.73657e-15	-1.68492e-16	3.74037e-15 
61.4206	-1.40725e-15	6.50704e-16	1.55041e-15 
61.4838	-7.5663e-16	1.80665e-15	1.95869e-15 
61.5469	1.18755e-15	6.40349e-16	1.34919e-15 
61.61	7.33665e-16	-1.49156e-15	1.66223e-15 
61.6731	-2.71141e-16	-1.78316e-15	1.80366e-15 
61.7362	-1.93177e-15	1.43082e-15	2.40395e-15 
61.7994	-2.34066e-15	-3.85892e-15	4.51331e-15 
61.8625	3.23039e-16	-8.65545e-16	9.23863e-16 
61.9256	6.36813e-16	-1.08349e-15	1.25677e-15 
61.9888	-1.52551e-15	-3.04853e-16	1.55567e-15 
62.0519	-3.46335e-15	1.18885e-15	3.66171e-15 
62.115	1.58e-15	1.36396e-15	2.0873e-15 
62.1781	-1.74997e-15	4.95518e-16	1.81878e-15 
62.2413	-2.64967e-16	-2.03927e-15	2.05641e-15 
62.3044	3.20039e-15	-2.58336e-15	4.11294e-15 
62.3675	-9.38909e-16	-3.70799e-15	3.82502e-15 
62.4306	-9.27357e-16	1.44688e-15	1.71856e-15 
62.4937	-1.947e-15	1.41165e-15	2.40491e-15 
62.5569	1.26944e-15	-3.04338e-15	3.29752e-15 
62.62	3.79417e-16	-2.1118e-16	4.34228e-16 
62.6831	3.11774e-16	-1.13214e-15	1.17429e-15 
62.7463	-1.04518e-16	5.66638e-16	5.76197e-16 
62.8094	-2.93808e-15	1.69218e-15	3.39054e-15 
62.8725	2.33994e-15	8.10432e-17	2.34134e-15 
62.9356	1.46692e-15	2.09317e-15	2.55602e-15 
62.9988	1.00834e-15	-1.79284e-16	1.02416e-15 
63.0619	7.57821e-16	-1.75128e-15	1.90821e-15 
63.125	7.79809e-16	-2.18356e-15	2.31862e-15 
63.1881	-8.31745e-16	4.08767e-16	9.26764e-16 
63.2512	-8.9198e-16	8.96396e-16	1.26458e-15 
63.3144	-2.61182e-15	-1.33471e-16	2.61522e-15 
63.3775	-6.15574e-16	-3.00386e-15	3.06628e-15 
63.4406	2.17256e-15	1.10997e-15	2.43969e-15 
63.5037	-1.1555e-15	-2.17187e-15	2.46013e-15 
63.5669	-2.19827e-17	2.49336e-15	2.49345e-15 
63.63	-1.06373e-15	-6.88996e-17	1.06596e-15 
63.6931	-1.12556e-15	4.89322e-16	1.22732e-15 
63.7563	8.2636e-16	-1.03923e-15	1.32773e-15 
63.8194	9.70125e-17	-1.52815e-15	1.53122e-15 
63.8825	-3.1234e-16	3.39237e-15	3.40672e-15 
63.9456	-1.90985e-15	-4.58806e-15	4.96969e-15 
64.0088	-8.51529e-16	1.22986e-15	1.49588e-15 
64.0719	-7.24344e-16	3.24508e-16	7.93712e-16 
64.135	2.9599e-15	-2.20553e-16	2.96811e-15 
64.1981	2.49064e-15	-1.48671e-15	2.90062e-15 
64.2613	-3.0153e-15	-1.49773e-15	3.36678e-15 
64.3244	-3.43691e-15	7.00737e-16	3.50762e-15 
64.3875	-1.41102e-15	3.79178e-16	1.46108e-15 
64.4506	-2.53378e-15	-2.73005e-15	3.72467e-15 
64.5138	1.31226e-15	5.64699e-16	1.42861e-15 
64.5769	-8.68237e-16	-7.95975e-16	1.17788e-15 
64.64	2.42892e-15	-5.76393e-17	2.4296e-15 
64.7031	2.34521e-15	1.77935e-16	2.35195e-15 
64.7662	-1.44272e-15	2.53447e-16	1.46482e-15 
64.8294	-2.96057e-15	-1.40711e-15	3.27795e-15 
64.8925	3.13721e-16	-1.7735e-15	1.80103e-15 
64.9556	7.14211e-16	3.29126e-16	7.86398e-16 
65.0187	1.02468e-15	1.04326e-15	1.46231e-15 
65.0819	4.21112e-15	1.17264e-15	4.37134e-15 
65.145	2.75181e-15	8.59733e-17	2.75315e-15 
65.2081	-2.84217e-15	2.16563e-15	3.57322e-15 
65.2712	-7.10543e-16	2.45712e-16	7.51828e-16 
65.3344	2.84217e-15	-2.77284e-15	3.97071e-15 
65.3975	-2.84217e-15	2.27924e-15	3.64319e-15 
65.4606	-1.24345e-15	-2.97816e-15	3.22732e-15 
65.5238	0	2.14965e-17	2.14965e-17 
65.5869	0	2.4324e-15	2.4324e-15 
65.65	-1.42109e-15	-1.7753e-16	1.43213e-15 
65.7131	2.84217e-15	-1.30999e-15	3.12954e-15 
65.7763	-5.68434e-15	3.50239e-16	5.69512e-15 
65.8394	-5.68434e-15	-1.01589e-15	5.77441e-15 
65.9025	-1.42109e-15	1.96729e-15	2.42687e-15 
65.9656	2.66454e-16	6.8743e-16	7.37263e-16 
66.0288	-2.84217e-15	1.13594e-15	3.06077e-15 
66.0919	-2.84217e-15	-4.00385e-16	2.87023e-15 
66.155	2.84217e-15	-4.79511e-16	2.88234e-15 
66.2181	1.42109e-15	-2.54206e-15	2.91231e-15 
66.2812	-2.66454e-15	1.80626e-15	3.21906e-15 
66.3444	0	1.4735e-15	1.4735e-15 
66.4075	2.84217e-15	-8.14033e-16	2.95645e-15 
66.4706	2.84217e-15	-1.77824e-15	3.35262e-15 
66.5337	-2.84217e-15	-1.35402e-15	3.14822e-15 
66.5969	-2.84217e-15	4.07327e-16	2.87121e-15 
66.66	1.42109e-15	-5.87645e-17	1.4223e-15 
66.7231	-2.84217e-15	-4.73515e-16	2.88135e-15 
66.7862	-2.84217e-15	-3.93932e-16	2.86934e-15 
66.8494	0	1.74462e-15	1.74462e-15 
66.9125	2.84217e-15	1.00841e-15	3.01576e-15 
66.9756	0	-3.07379e-15	3.07379e-15 
67.0387	2.84217e-15	1.81683e-15	3.37325e-15 
67.1019	-2.84217e-15	-2.45317e-15	3.75446e-15 
67.165	0	5.20133e-16	5.20133e-16 
67.2281	0	1.27675e-15	1.27675e-15 
67.2913	-2.13163e-15	1.15781e-15	2.42577e-15 
67.3544	1.06581e-15	-2.38459e-15	2.61194e-15 
67.4175	-2.22045e-15	-1.12264e-15	2.48811e-15 
67.4806	-7.10543e-16	8.76939e-16	1.12867e-15 
67.5438	0	1.34587e-16	1.34587e-16 
67.6069	4.26326e-15	1.82416e-15	4.63712e-15 
67.67	0	1.12398e-15	1.12398e-15 
67.7331	1.42109e-15	6.75018e-16	1.57326e-15 
67.7963	-1.42109e-15	-4.10819e-16	1.47928e-15 
67.8594	0	-1.53893e-15	1.53893e-15 
67.9225	-7.10543e-16	4.13343e-16	8.22024e-16 
67.9856	1.77636e-15	-2.25214e-16	1.79058e-15 
68.0487	-7.32747e-16	7.58601e-16	1.0547e-15 
68.1119	2.84217e-15	-3.13892e-16	2.85945e-15 
68.175	1.42109e-15	-1.89447e-15	2.36823e-15 
68.2381	-2.84217e-15	-2.41184e-15	3.72759e-15 
68.3012	2.84217e-15	8.35648e-16	2.96247e-15 
68.3644	2.84217e-15	5.37573e-17	2.84268e-15 
68.4275	2.84217e-15	2.53761e-15	3.81017e-15 
68.4906	0	5.81119e-16	5.81119e-16 
68.5537	2.84217e-15	-3.18495e-15	4.26871e-15 
68.6169	-2.84217e-15	-2.4727e-15	3.76725e-15 
68.68	0	-2.82583e-15	2.82583e-15 
68.7431	0	-7.14955e-16	7.14955e-16 
68.8063	-7.10543e-16	-1.77331e-15	1.91036e-15 
68.8694	0	-9.85439e-17	9.85439e-17 
68.9325	2.84217e-15	-7.97659e-15	8.46782e-15 
68.9956	-2.84217e-15	-1.87552e-15	3.40522e-15 
69.0588	0	2.24908e-15	2.24908e-15 
69.1219	1.42109e-15	-1.608e-15	2.14596e-15 
69.185	-1.06581e-15	-1.94196e-15	2.21521e-15 
69.2481	1.42109e-15	-1.4767e-15	2.04942e-15 
69.3113	-2.84217e-15	-3.30346e-16	2.8613e-15 
69.3744	0	9.11967e-16	9.11967e-16 
69.4375	0	9.204e-16	9.204e-16 
69.5006	-1.42109e-15	-1.14938e-15	1.82772e-15 
69.5637	0	-3.33127e-15	3.33127e-15 
69.6269	-2.84217e-15	1.32266e-15	3.13486e-15 
69.69	0	6.52705e-17	6.52705e-17 
69.7531	-7.10543e-16	2.51642e-15	2.61481e-15 
69.8162	0	-4.20636e-15	4.20636e-15 
69.8794	5.68434e-15	-4.28825e-16	5.70049e-15 
69.9425	0	2.42666e-15	2.42666e-15 
70.0056	-7.10543e-16	-1.2943e-15	1.47651e-15 
70.0687	0	-1.19875e-15	1.19875e-15 
70.1319	0	1.10838e-15	1.10838e-15 
70.195	4.98213e-16	2.07908e-15	2.13794e-15 
70.2581	-2.84217e-15	-1.01399e-15	3.01763e-15 
70.3213	2.84217e-15	2.48621e-16	2.85302e-15 
70.3844	-1.42109e-15	-9.66195e-16	1.71843e-15 
70.4475	0	-3.48758e-15	3.48758e-15 
70.5106	0	3.95725e-15	3.95725e-15 
70.5738	0	3.819e-16	3.819e-16 
70.6369	0	-1.06739e-15	1.06739e-15 
70.7	-2.84217e-15	1.97024e-15	3.45829e-15 
70.7631	-2.84217e-15	-7.20875e-16	2.93217e-15 
70.8263	-2.84217e-15	3.7502e-16	2.86681e-15 
70.8894	7.10543e-16	-1.69886e-15	1.84147e-15 
70.9525	-5.68434e-15	6.20517e-16	5.71811e-15 
71.0156	2.84217e-15	-1.80922e-15	3.36916e-15 
71.0787	0	-6.98901e-16	6.98901e-16 
71.1419	-5.68434e-15	-2.9989e-15	6.42691e-15 
71.205	-5.32907e-16	1.16067e-15	1.27717e-15 
71.2681	0	-6.5003e-16	6.5003e-16 
71.3312	2.84217e-15	5.62802e-16	2.89736e-15 
71.3944	0	3.04306e-15	3.04306e-15 
71.4575	0	2.43878e-15	2.43878e-15 
71.5206	2.84217e-15	9.07475e-17	2.84362e-15 
71.5837	-1.42109e-15	-7.77886e-17	1.42321e-15 
71.6469	-2.84217e-15	2.13812e-15	3.55662e-15 
71.71	0	-1.30712e-15	1.30712e-15 
71.7731	-2.84217e-15	6.35078e-18	2.84218e-15 
71.8363	-2.84217e-15	-2.10349e-15	3.5359e-15 
71.8994	-2.84217e-15	-5.32738e-16	2.89167e-15 
71.9625	-2.84217e-15	3.77445e-15	4.72487e-15 
72.0256	0	-9.46651e-16	9.46651e-16 
72.0888	2.84217e-15	1.60758e-16	2.84671e-15 
72.1519	-2.84217e-15	-1.26419e-15	3.11064e-15 
72.215	-4.9738e-15	-2.86801e-16	4.98206e-15 
72.2781	0	-1.14295e-15	1.14295e-15 
72.3413	2.84217e-15	3.0019e-16	2.85798e-15 
72.4044	-2.84217e-15	1.62016e-15	3.27152e-15 
72.4675	-2.84217e-15	-2.21009e-15	3.60034e-15 
72.5306	-2.79776e-15	2.43531e-15	3.7092e-15 
72.5938	-2.84217e-15	7.03986e-16	2.92806e-15 
72.6569	2.84217e-15	1.12082e-15	3.05519e-15 
72.72	2.84217e-15	6.76354e-16	2.92154e-15 
72.7831	-5.68434e-15	-2.00399e-16	5.68787e-15 
72.8462	2.84217e-15	-2.16153e-16	2.85038e-15 
72.9094	0	-1.03606e-15	1.03606e-15 
72.9725	0	-2.10494e-16	2.10494e-16 
73.0356	2.13163e-15	4.9375e-16	2.18806e-15 
73.0987	0	2.16185e-15	2.16185e-15 
73.1619	-5.68434e-15	-2.57132e-16	5.69015e-15 
73.225	1.42109e-15	-9.26122e-16	1.69623e-15 
73.2881	2.84217e-15	-4.19261e-15	5.06517e-15 
73.3512	0	-2.69668e-15	2.69668e-15 
73.4144	2.84217e-15	-1.39728e-15	3.16707e-15 
73.4775	6.21725e-16	-3.95745e-16	7.36991e-16 
73.5406	2.84217e-15	2.20692e-15	3.59839e-15 
73.6038	0	2.9051e-15	2.9051e-15 
73.6669	0	1.77087e-16	1.77087e-16 
73.73	0	-2.85677e-15	2.85677e-15 
73.7931	0	-1.0536e-16	1.0536e-16 
73.8563	0	3.53632e-15	3.53632e-15 
73.9194	2.84217e-15	-1.07999e-16	2.84422e-15 
73.9825	-1.42109e-15	-2.44797e-15	2.83056e-15 
74.0456	-2.84217e-15	9.75988e-17	2.84385e-15 
74.1088	5.68434e-15	1.62792e-15	5.91286e-15 
74.1719	-2.84217e-15	-1.6083e-15	3.26567e-15 
74.235	0	-6.06052e-16	6.06052e-16 
74.2981	1.42109e-15	1.25258e-15	1.89432e-15 
74.3612	0	-2.43438e-15	2.43438e-15 
74.4244	-1.42109e-15	1.34049e-15	1.95356e-15 
74.4875	-5.68434e-15	-3.69517e-16	5.69634e-15 
74.5506	-2.84217e-15	-1.49641e-16	2.84611e-15 
74.6137	0	-1.21737e-15	1.21737e-15 
74.6769	2.84217e-15	-1.65614e-15	3.28949e-15 
74.74	0	1.0343e-15	1.0343e-15 
74.8031	8.88178e-16	-1.79314e-15	2.00105e-15 
74.8662	-2.13163e-15	9.30775e-16	2.32598e-15 
74.9294	2.84217e-15	-5.33307e-16	2.89177e-15 
74.9925	0	-1.60552e-15	1.60552e-15 
75.0556	0	5.34308e-16	5.34308e-16 
75.1188	0	-1.77174e-15	1.77174e-15 
75.1819	0	-2.88743e-15	2.88743e-15 
75.245	2.95169e-15	-1.00997e-15	3.1197e-15 
75.3081	-8.10368e-16	-1.29078e-15	1.52408e-15 
75.3713	-2.06823e-15	-6.34974e-18	2.06824e-15 
75.4344	-1.03477e-15	9.07427e-16	1.37629e-15 
75.4975	-2.04049e-15	-1.75635e-16	2.04804e-15 
75.5606	-1.92465e-15	2.59801e-16	1.94211e-15 
75.6238	9.45776e-16	-2.66042e-15	2.82354e-15 
75.6869	1.71068e-15	-2.30393e-15	2.86959e-15 
75.75	-2.83353e-16	2.97101e-15	2.98449e-15 
75.8131	-1.22798e-15	-1.59995e-15	2.01687e-15 
75.8762	3.64371e-16	-1.02107e-15	1.08413e-15 
75.9394	-1.4768e-15	3.5392e-15	3.83496e-15 
76.0025	-6.78169e-16	-2.67512e-16	7.29024e-16 
76.0656	1.09541e-15	5.27628e-16	1.21586e-15 
76.1287	-2.89124e-16	6.82725e-16	7.41422e-16 
76.1919	-4.97637e-16	1.17169e-15	1.27299e-15 
76.255	-1.19834e-15	6.28648e-16	1.35322e-15 
76.3181	-8.41838e-16	4.80286e-16	9.69209e-16 
76.3812	2.51955e-15	-6.69171e-16	2.6069e-15 
76.4444	-9.78003e-16	3.01745e-15	3.17198e-15 
76.5075	2.15387e-15	-2.52684e-15	3.32026e-15 
76.5706	-1.70037e-15	2.56026e-15	3.07347e-15 
76.6338	-2.63991e-15	-1.98269e-15	3.30154e-15 
76.6969	1.1633e-15	3.00673e-16	1.20153e-15 
76.76	-6.28933e-16	-1.04417e-15	1.21896e-15 
76.8231	9.00478e-16	-3.52898e-16	9.6716e-16 
76.8863	4.09018e-16	-1.56608e-15	1.61861e-15 
76.9494	-2.36899e-15	-8.59637e-17	2.37055e-15 
77.0125	-1.21391e-15	-3.43255e-16	1.26151e-15 
77.0756	1.69173e-15	-5.02673e-16	1.76483e-15 
77.1388	1.12548e-15	-7.77263e-16	1.36779e-15 
77.2019	-2.78864e-15	9.11471e-16	2.93381e-15 
77.265	-2.57038e-16	7.53777e-16	7.96397e-16 
77.3281	-9.75386e-16	-9.29698e-17	9.79807e-16 
77.3912	-3.07619e-15	7.08914e-16	3.15682e-15 
77.4544	1.66671e-15	3.65544e-16	1.70632e-15 
77.5175	9.13948e-16	2.11449e-15	2.30355e-15 
77.5806	6.55545e-16	1.18603e-15	1.35514e-15 
77.6437	2.53849e-15	5.57239e-16	2.59893e-15 
77.7069	-2.4877e-15	2.41533e-16	2.49939e-15 
77.77	-2.76673e-16	-4.80001e-16	5.5403e-16 
77.8331	-5.3459e-16	2.31211e-16	5.82447e-16 
77.8962	-1.59102e-15	-3.67965e-15	4.00888e-15 
77.9594	2.16746e-15	2.67991e-15	3.44671e-15 
78.0225	-2.80208e-15	1.80351e-15	3.33231e-15 
78.0856	7.60255e-16	1.42056e-15	1.6112e-15 
78.1488	-5.8387e-16	-7.4547e-16	9.46905e-16 
78.2119	-1.92388e-15	5.28004e-16	1.99502e-15 
78.275	-1.7675e-15	3.3103e-15	3.75262e-15 
78.3381	3.58351e-15	6.46882e-17	3.58409e-15 
78.4013	-1.75023e-15	2.50965e-15	3.05968e-15 
78.4644	9.79632e-17	-5.42435e-16	5.5121e-16 
78.5275	-6.6722e-16	-4.11558e-16	7.83941e-16 
78.5906	-7.5011e-16	-2.85229e-15	2.94927e-15 
78.6538	1.9895e-15	5.97139e-16	2.07718e-15 
78.7169	8.55183e-16	-1.18827e-15	1.46401e-15 
78.78	1.3055e-15	-3.88385e-15	4.09739e-15 
78.8431	1.67716e-15	-1.55218e-15	2.2852e-15 
78.9062	-1.7099e-15	-1.21273e-15	2.0963e-15 
78.9694	-8.00481e-16	-9.26784e-16	1.22462e-15 
79.0325	-9.84426e-16	-6.41699e-16	1.1751e-15 
79.0956	-1.36075e-15	1.64972e-15	2.13851e-15 
79.1587	1.36407e-15	-1.18003e-15	1.80365e-15 
79.2219	5.11349e-16	3.42405e-15	3.46203e-15 
79.285	3.08821e-16	4.9466e-16	5.83146e-16 
79.3481	-1.27965e-15	-3.45707e-15	3.68631e-15 
79.4112	1.29886e-15	-8.30844e-16	1.54186e-15 
79.4744	-1.19953e-15	-1.73963e-15	2.1131e-15 
79.5375	5.47274e-16	2.3083e-15	2.37229e-15 
79.6006	1.90581e-16	1.08806e-15	1.10462e-15 
79.6637	-4.8835e-15	1.56982e-15	5.12961e-15 
79.7269	-3.68343e-16	1.0593e-15	1.12152e-15 
79.79	-1.9847e-15	-4.3615e-16	2.03206e-15 
79.8531	-8.20042e-16	5.52384e-16	9.88735e-16 
79.9163	-5.0985e-15	9.39628e-16	5.18436e-15 
79.9794	1.06055e-15	1.0095e-15	1.46419e-15 
80.0425	-9.13521e-16	4.64322e-16	1.02475e-15 
80.1056	-1.94124e-15	2.34294e-15	3.04266e-15 
80.1688	2.07979e-15	2.16762e-15	3.00402e-15 
80.2319	-3.1354e-15	2.0994e-15	3.77336e-15 
80.295	-8.97614e-16	1.67029e-15	1.8962e-15 
80.3581	1.78513e-15	9.8046e-16	2.03666e-15 
80.4213	-9.09128e-16	-9.83463e-16	1.3393e-15 
80.4844	1.42988e-15	-8.58201e-16	1.66765e-15 
80.5475	1.10278e-16	-1.30987e-15	1.31451e-15 
80.6106	-1.02005e-15	1.31992e-15	1.66814e-15 
80.6737	6.34892e-16	1.91596e-15	2.01842e-15 
80.7369	-1.10236e-15	2.05189e-15	2.32926e-15 
80.8	-2.37912e-15	-2.03529e-16	2.38781e-15 
80.8631	-1.31377e-17	9.84459e-16	9.84547e-16 
80.9262	-1.05081e-15	3.66295e-16	1.11282e-15 
80.9894	-1.86778e-15	-1.14429e-15	2.19044e-15 
81.0525	-1.85713e-15	3.20186e-15	3.70147e-15 
81.1156	-2.55452e-15	-1.20348e-15	2.82382e-15 
81.1787	6.50596e-17	1.48362e-15	1.48505e-15 
81.2419	1.21893e-15	4.79573e-16	1.30988e-15 
81.305	-2.88346e-15	1.3743e-15	3.19422e-15 
81.3681	8.60369e-16	2.3285e-15	2.48237e-15 
81.4313	-6.22194e-16	-2.71434e-15	2.78474e-15 
81.4944	-5.08197e-15	-1.53843e-16	5.0843e-15 
81.5575	-1.35825e-15	-6.60986e-16	1.51054e-15 
81.6206	1.08492e-15	-8.61877e-17	1.08834e-15 
81.6838	9.8482e-16	1.10312e-15	1.47877e-15 
81.7469	-2.22476e-15	-1.12382e-15	2.4925e-15 
81.81	-2.59544e-16	5.50776e-16	6.08865e-16 
81.8731	1.45696e-15	3.02978e-15	3.36189e-15 
81.9363	-2.69334e-15	8.535e-16	2.82534e-15 
81.9994	-2.30518e-15	-3.00897e-15	3.79049e-15 
82.0625	1.37475e-15	1.59885e-15	2.10861e-15 
82.1256	-2.40026e-15	2.42397e-16	2.41247e-15 
82.1887	5.54916e-16	2.25935e-16	5.99148e-16 
82.2519	-1.09656e-15	4.04851e-16	1.16891e-15 
82.315	-7.73605e-17	-1.64092e-15	1.64274e-15 
82.3781	-9.42322e-16	2.05779e-15	2.26329e-15 
82.4412	5.27256e-18	6.17674e-16	6.17696e-16 
82.5044	-3.46706e-16	-8.21191e-16	8.91381e-16 
82.5675	-1.01867e-15	1.06286e-15	1.4722e-15 
82.6306	4.7868e-16	-3.65967e-15	3.69084e-15 
82.6937	-1.87274e-15	-8.39153e-16	2.05215e-15 
82.7569	4.6041e-16	9.01819e-16	1.01255e-15 
82.82	2.58507e-15	1.59376e-16	2.58998e-15 
82.8831	-1.07086e-15	1.5337e-16	1.08179e-15 
82.9463	3.12197e-15	-1.72792e-15	3.56825e-15 
83.0094	1.19691e-15	2.4473e-15	2.72432e-15 
83.0725	2.64595e-15	-3.64166e-16	2.67089e-15 
83.1356	2.07315e-15	1.34285e-15	2.47006e-15 
83.1988	2.26298e-15	1.24015e-15	2.58051e-15 
83.2619	4.73927e-15	-2.72315e-15	5.46591e-15 
83.325	5.58064e-16	-2.3093e-15	2.37578e-15 
83.3881	1.22422e-15	-2.27496e-15	2.58344e-15 
83.4513	-4.14306e-15	2.85351e-15	5.03065e-15 
83.5144	-1.16597e-15	-1.05358e-15	1.57147e-15 
83.5775	-3.23123e-16	5.89201e-16	6.71987e-16 
83.6406	-3.35443e-15	1.58212e-15	3.70881e-15 
83.7037	-1.19969e-15	1.41799e-15	1.85741e-15 
83.7669	-1.73856e-15	6.84972e-17	1.73991e-15 
83.83	4.34308e-16	8.89537e-16	9.89899e-16 
83.8931	3.01879e-16	2.24209e-15	2.26232e-15 
83.9562	6.01471e-16	-2.34093e-16	6.4542e-16 
84.0194	2.83105e-15	-8.27474e-16	2.9495e-15 
84.0825	1.20343e-15	-3.93106e-16	1.26601e-15 
84.1456	-1.18498e-15	1.76692e-17	1.18511e-15 
84.2087	-1.73804e-15	-1.93162e-16	1.74874e-15 
84.2719	-1.28969e-15	3.4581e-15	3.69077e-15 
84.335	-3.28068e-15	3.98641e-17	3.28092e-15 
84.3981	1.08178e-15	-1.86998e-15	2.16034e-15 
84.4613	1.52365e-15	3.50327e-15	3.82027e-15 
84.5244	1.37118e-15	5.14254e-16	1.46444e-15 
84.5875	1.39507e-15	7.19566e-17	1.39692e-15 
84.6506	-7.36832e-16	2.45473e-16	7.76646e-16 
84.7138	3.32872e-15	7.88842e-16	3.42091e-15 
84.7769	2.3629e-15	1.25458e-15	2.67531e-15 
84.84	1.28292e-15	-1.70454e-15	2.13338e-15 
84.9031	1.17591e-16	2.8803e-15	2.8827e-15 
84.9663	5.85366e-16	1.06075e-15	1.21154e-15 
85.0294	-2.01351e-15	3.0078e-15	3.61954e-15 
85.0925	1.68002e-15	1.48044e-15	2.23923e-15 
85.1556	-1.46627e-16	-9.21139e-16	9.32736e-16 
85.2188	-1.09499e-15	-1.89635e-15	2.18978e-15 
85.2819	1.10449e-15	-8.90724e-16	1.4189e-15 
85.345	-1.21952e-16	6.48879e-16	6.6024e-16 
85.4081	-2.13163e-15	1.38722e-16	2.13614e-15 
85.4712	7.10543e-16	1.68783e-15	1.8313e-15 
85.5344	0	1.30181e-15	1.30181e-15 
85.5975	2.84217e-15	-2.04312e-15	3.50032e-15 
85.6606	2.04281e-15	7.57707e-16	2.17881e-15 
85.7237	0	-4.42592e-15	4.42592e-15 
85.7869	-7.10543e-15	1.25723e-15	7.2158e-15 
85.85	-2.13163e-15	-2.86149e-16	2.15075e-15 
85.9131	1.77636e-15	-7.7611e-16	1.9385e-15 
85.9762	4.26326e-15	-3.09594e-15	5.26879e-15 
86.0394	-2.84217e-15	-4.69181e-16	2.88064e-15 
86.1025	1.42109e-15	1.33279e-15	1.94829e-15 
86.1656	6.66134e-16	5.51914e-16	8.65068e-16 
86.2288	2.84217e-15	1.65218e-15	3.2875e-15 
86.2919	0	-2.9779e-16	2.9779e-16 
86.355	2.84217e-15	3.06926e-15	4.1831e-15 
86.4181	7.10543e-16	-1.04662e-15	1.26502e-15 
86.4813	-8.88178e-17	1.24206e-15	1.24523e-15 
86.5444	-7.10543e-16	3.17653e-15	3.25503e-15 
86.6075	-2.84217e-15	2.94156e-15	4.09032e-15 
86.6706	-2.84217e-15	1.60879e-16	2.84672e-15 
86.7338	1.42109e-15	1.93918e-16	1.43426e-15 
86.7969	4.26326e-15	-1.13731e-16	4.26477e-15 
86.86	3.55271e-16	-1.59518e-15	1.63427e-15 
86.9231	-1.77636e-15	6.9185e-16	1.90633e-15 
86.9862	7.10543e-16	4.10478e-15	4.16582e-15 
87.0494	-1.42109e-15	3.73039e-16	1.46923e-15 
87.1125	-1.42109e-15	1.31783e-15	1.93808e-15 
87.1756	1.42109e-15	-9.59092e-16	1.71445e-15 
87.2387	2.84217e-15	3.3343e-15	4.38127e-15 
87.3019	-4.26326e-15	-5.2446e-16	4.29539e-15 
87.365	7.10543e-16	2.64043e-15	2.73436e-15 
87.4281	-7.10543e-16	2.40704e-15	2.50972e-15 
87.4912	3.55271e-15	-1.95249e-15	4.05388e-15 
87.5544	-2.66454e-15	1.22172e-15	2.93127e-15 
87.6175	1.95399e-15	-4.31842e-16	2.00114e-15 
87.6806	-7.10543e-16	-1.30257e-15	1.48377e-15 
87.7438	3.55271e-16	3.66455e-16	5.10399e-16 
87.8069	-2.13163e-15	8.47197e-16	2.29381e-15 
87.87	1.06581e-15	-1.4316e-15	1.78478e-15 
87.9331	5.32907e-15	-7.53888e-16	5.38213e-15 
87.9963	-4.9738e-15	-9.29468e-16	5.0599e-15 
88.0594	3.55271e-16	-1.19604e-15	1.24769e-15 
88.1225	-3.55271e-15	-8.14745e-16	3.64494e-15 
88.1856	-1.59872e-15	-8.6332e-17	1.60105e-15 
88.2488	3.10862e-16	-1.71428e-15	1.74224e-15 
88.3119	2.13163e-15	3.8251e-16	2.16568e-15 
88.375	-7.10543e-16	8.09237e-17	7.15136e-16 
88.4381	7.10543e-16	1.1161e-15	1.32309e-15 
88.5012	1.42109e-15	-5.97648e-16	1.54164e-15 
88.5644	-2.84217e-15	1.37404e-15	3.15689e-15 
88.6275	4.26326e-15	-1.8551e-16	4.26729e-15 
88.6906	1.42109e-15	-1.85341e-15	2.33551e-15 
88.7537	1.42109e-15	3.11743e-16	1.45488e-15 
88.8169	2.84217e-15	-3.18534e-15	4.269e-15 
88.88	-7.10543e-16	-3.1108e-15	3.19092e-15 
88.9431	-1.42109e-15	1.01816e-15	1.74818e-15 
89.0062	-3.55271e-16	-1.85126e-15	1.88505e-15 
89.0694	1.42109e-15	4.22514e-16	1.48257e-15 
89.1325	-1.42109e-15	-3.01613e-15	3.33415e-15 
89.1956	1.42109e-15	7.5542e-16	1.60939e-15 
89.2588	-7.10543e-15	2.89908e-16	7.11134e-15 
89.3219	-3.55271e-15	-2.36153e-15	4.26598e-15 
89.385	1.06581e-15	1.15141e-15	1.56898e-15 
89.4481	-1.42109e-15	-2.39496e-15	2.78484e-15 
89.5113	0	-4.17594e-17	4.17594e-17 
89.5744	0	-1.7103e-16	1.7103e-16 
89.6375	-7.10543e-16	2.33938e-17	7.10928e-16 
89.7006	-2.13163e-15	-2.92818e-15	3.62189e-15 
89.7638	-2.84217e-15	-8.22732e-17	2.84336e-15 
89.8269	-5.68434e-15	1.27137e-15	5.82478e-15 
89.89	4.26326e-15	3.2339e-16	4.2755e-15 
89.9531	2.75335e-15	-7.93151e-17	2.7545e-15 
90.0162	-1.42109e-15	1.70482e-15	2.21943e-15 
90.0794	1.42109e-15	5.20418e-15	5.39472e-15 
90.1425	3.55271e-15	1.41621e-15	3.82458e-15 
90.2056	1.06581e-15	1.7771e-17	1.06596e-15 
90.2687	1.42109e-15	-1.21958e-15	1.87266e-15 
90.3319	2.84217e-15	3.15173e-15	4.24397e-15 
90.395	-2.36703e-16	-1.08817e-15	1.11362e-15 
90.4581	-5.68434e-15	-4.67288e-16	5.70352e-15 
90.5212	4.26326e-15	5.37207e-16	4.29697e-15 
90.5844	1.24345e-15	2.22507e-16	1.2632e-15 
90.6475	1.42109e-15	-1.32159e-15	1.94064e-15 
90.7106	1.42109e-15	8.00435e-16	1.63101e-15 
90.7738	-1.24345e-15	1.27075e-15	1.77791e-15 
90.8369	1.42109e-15	1.01684e-15	1.74741e-15 
90.9	2.84217e-15	2.99651e-16	2.85792e-15 
90.9631	0	1.46595e-15	1.46595e-15 
91.0263	-4.26326e-15	-2.02153e-16	4.26805e-15 
91.0894	1.77636e-15	-1.44896e-15	2.29237e-15 
91.1525	-4.26326e-15	-2.31984e-15	4.85356e-15 
91.2156	-4.26326e-15	3.26666e-15	5.37089e-15 
91.2788	2.84217e-15	5.50169e-17	2.8427e-15 
91.3419	-4.26326e-15	3.39727e-15	5.45131e-15 
91.405	-1.28786e-15	1.67311e-15	2.11136e-15 
91.4681	-1.42109e-15	1.98091e-15	2.43792e-15 
91.5312	2.13163e-15	-1.42602e-15	2.56464e-15 
91.5944	-1.42109e-15	2.16688e-15	2.59131e-15 
91.6575	2.84217e-15	-7.08394e-16	2.92912e-15 
91.7206	2.84217e-15	-2.10649e-15	3.53769e-15 
91.7837	-7.10543e-16	8.86954e-16	1.13647e-15 
91.8469	2.84217e-15	5.38934e-17	2.84268e-15 
91.91	-1.42109e-15	-1.49871e-15	2.06534e-15 
91.9731	0	-4.99473e-16	4.99473e-16 
92.0362	2.84217e-15	8.62512e-16	2.97016e-15 
92.0994	2.84217e-15	-5.94451e-16	2.90367e-15 
92.1625	-1.42109e-15	7.62746e-16	1.61284e-15 
92.2256	-2.84217e-15	1.0967e-15	3.04642e-15 
92.2887	7.10543e-16	-1.77137e-15	1.90856e-15 
92.3519	2.84217e-15	2.46016e-15	3.75903e-15 
92.415	-1.42109e-15	-6.32496e-16	1.55549e-15 
92.4781	0	3.14894e-15	3.14894e-15 
92.5413	-1.42109e-15	-1.3716e-15	1.97504e-15 
92.6044	7.10543e-16	8.05698e-16	1.07425e-15 
92.6675	4.26326e-15	-3.01491e-15	5.2216e-15 
92.7306	1.28786e-15	-2.69774e-15	2.98938e-15 
92.7938	0	4.16058e-15	4.16058e-15 
92.8569	4.26326e-15	-2.1546e-15	4.77678e-15 
92.92	2.84217e-15	1.87318e-15	3.40393e-15 
92.9831	0	8.93013e-16	8.93013e-16 
93.0463	-2.13163e-15	-1.82581e-15	2.80667e-15 
93.1094	2.84217e-15	-4.99768e-16	2.88578e-15 
93.1725	2.84217e-15	-1.54198e-15	3.23352e-15 
93.2356	1.77636e-15	-2.48984e-17	1.77653e-15 
93.2987	7.10543e-16	2.24482e-15	2.35459e-15 
93.3619	4.26326e-15	-1.42267e-15	4.49437e-15 
93.425	-2.84217e-15	9.36053e-16	2.99235e-15 
93.4881	7.10543e-16	-1.99055e-15	2.11357e-15 
93.5512	0	1.0485e-15	1.0485e-15 
93.6144	-4.26326e-15	2.42843e-16	4.27017e-15 
93.6775	1.24345e-15	-4.56722e-16	1.32467e-15 
93.7406	0	-2.92026e-15	2.92026e-15 
93.8037	1.42109e-15	-1.66496e-15	2.18897e-15 
93.8669	7.10543e-16	1.24967e-15	1.43755e-15 
93.93	1.77636e-16	2.74076e-16	3.26607e-16 
93.9931	2.84217e-15	-3.30383e-15	4.35813e-15 
94.0563	2.84217e-15	-2.37486e-15	3.70377e-15 
94.1194	0	-9.43292e-16	9.43292e-16 
94.1825	2.13163e-15	-1.78587e-16	2.1391e-15 
94.2456	5.68434e-15	4.79571e-16	5.70454e-15 
94.3088	-2.84217e-15	3.5061e-15	4.51339e-15 
94.3719	0	2.03428e-15	2.03428e-15 
94.435	0	1.61124e-15	1.61124e-15 
94.4981	3.55271e-16	-1.53827e-15	1.57876e-15 
94.5613	-1.77636e-15	2.68479e-15	3.21925e-15 
94.6244	-2.84217e-15	2.87961e-16	2.85672e-15 
94.6875	4.26326e-15	7.75194e-16	4.33316e-15 
94.7506	1.42109e-15	1.24277e-15	1.88785e-15 
94.8137	2.84217e-15	-4.33373e-16	2.87502e-15 
94.8769	-1.42109e-15	-2.36277e-15	2.7572e-15 
94.94	7.10543e-16	3.69648e-15	3.76415e-15 
95.0031	-7.32747e-16	-2.14392e-16	7.63467e-16 
95.0662	-2.13163e-15	2.63644e-15	3.39037e-15 
95.1294	-2.13163e-15	6.17428e-16	2.21925e-15 
95.1925	1.42109e-15	2.31005e-16	1.43974e-15 
95.2556	2.84217e-15	2.9592e-15	4.10302e-15 
95.3187	-4.26326e-15	-1.74127e-15	4.60515e-15 
95.3819	-1.42109e-15	5.68381e-16	1.53054e-15 
95.445	-3.38055e-16	-1.70926e-15	1.74237e-15 
95.5081	4.59124e-15	1.75048e-15	4.91362e-15 
95.5713	-2.31986e-15	-2.54519e-15	3.44379e-15 
95.6344	-3.29569e-15	-7.79099e-16	3.38653e-15 
95.6975	-2.33596e-16	8.87385e-16	9.17616e-16 
95.7606	1.43078e-15	-1.53873e-15	2.10115e-15 
95.8238	1.42125e-15	-3.05406e-15	3.36856e-15 
95.8869	1.57163e-15	4.59186e-16	1.63734e-15 
95.95	1.55861e-15	1.75696e-15	2.34866e-15 
96.0131	8.20116e-16	2.45361e-15	2.58704e-15 
96.0763	-2.44666e-15	2.0837e-15	3.21371e-15 
96.1394	-8.5044e-16	1.72716e-15	1.92518e-15 
96.2025	2.59537e-16	-1.16173e-15	1.19037e-15 
96.2656	1.39833e-15	-3.62589e-15	3.88618e-15 
96.3287	2.72069e-15	8.27753e-16	2.84382e-15 
96.3919	3.15272e-15	9.96966e-16	3.3066e-15 
96.455	1.12256e-15	2.59555e-16	1.15217e-15 
96.5181	2.79075e-15	-6.8517e-16	2.87363e-15 
96.5812	-3.82704e-15	1.29102e-15	4.03893e-15 
96.6444	-2.49148e-15	1.68098e-15	3.00552e-15 
96.7075	3.15712e-16	-2.57816e-15	2.59742e-15 
96.7706	-3.30306e-15	1.32499e-15	3.5589e-15 
96.8337	-3.25589e-15	-1.68971e-15	3.66823e-15 
96.8969	-2.11468e-15	-4.7818e-16	2.16807e-15 
96.96	8.41983e-16	-1.06672e-15	1.35898e-15 
97.0231	1.277e-15	5.25056e-16	1.38073e-15 
97.0863	6.68478e-16	4.85785e-17	6.70241e-16 
97.1494	-1.0361e-15	-6.47251e-16	1.22165e-15 
97.2125	3.57138e-15	1.57475e-15	3.90315e-15 
97.2756	-1.28718e-15	4.05922e-16	1.34967e-15 
97.3388	4.01125e-15	2.49296e-17	4.01132e-15 
97.4019	4.75953e-15	2.00002e-15	5.16267e-15 
97.465	3.20113e-15	2.53169e-15	4.08127e-15 
97.5281	6.54148e-16	-2.20808e-15	2.30293e-15 
97.5913	1.58063e-15	-2.44162e-16	1.59938e-15 
97.6544	-1.44817e-15	-1.62349e-15	2.17553e-15 
97.7175	-1.84724e-15	1.24048e-15	2.22511e-15 
97.7806	3.3528e-15	-6.68545e-16	3.41881e-15 
97.8438	2.34392e-15	-6.37312e-16	2.42902e-15 
97.9069	-3.65756e-15	1.40437e-15	3.91791e-15 
97.97	-3.57297e-15	-5.06177e-16	3.60865e-15 
98.0331	-6.90831e-16	-1.78513e-15	1.91414e-15 
98.0962	2.39941e-15	3.27232e-15	4.05774e-15 
98.1594	9.17148e-16	1.74035e-15	1.96722e-15 
98.2225	-2.27935e-16	8.84042e-16	9.12953e-16 
98.2856	1.58538e-16	-7.12449e-16	7.29876e-16 
98.3487	2.93454e-15	-9.63349e-16	3.08862e-15 
98.4119	1.79877e-15	-2.33361e-15	2.9464e-15 
98.475	-9.57719e-16	-1.64026e-16	9.71663e-16 
98.5381	5.05818e-15	-2.77055e-16	5.06576e-15 
98.6012	2.87414e-16	-1.54573e-15	1.57222e-15 
98.6644	2.42118e-15	5.15137e-16	2.47538e-15 
98.7275	2.94154e-15	1.39632e-15	3.25613e-15 
98.7906	1.74708e-15	1.88659e-15	2.57129e-15 
98.8538	2.29337e-15	-1.96034e-15	3.01703e-15 
98.9169	1.04561e-16	-3.15062e-15	3.15236e-15 
98.98	3.42132e-15	1.14324e-16	3.42323e-15 
99.0431	2.06848e-15	1.67692e-15	2.66283e-15 
99.1063	-1.01769e-15	5.32458e-16	1.14856e-15 
99.1694	2.04102e-16	-1.27241e-15	1.28868e-15 
99.2325	-4.25075e-15	-1.35525e-15	4.46157e-15 
99.2956	6.95694e-16	-9.84052e-16	1.20513e-15 
99.3588	-4.34678e-16	1.61074e-15	1.66836e-15 
99.4219	6.88865e-17	-1.03205e-15	1.03434e-15 
99.485	1.93863e-16	-5.50094e-16	5.83255e-16 
99.5481	1.2813e-16	4.05946e-15	4.06148e-15 
99.6112	2.24104e-15	-1.14092e-15	2.51475e-15 
99.6744	1.20963e-15	-2.42158e-16	1.23363e-15 
99.7375	1.79864e-16	-6.36478e-16	6.61404e-16 
99.8006	1.63984e-15	6.38256e-16	1.75967e-15 
99.8637	2.88854e-15	-4.43942e-16	2.92246e-15 
99.9269	3.56606e-15	-1.6778e-15	3.94104e-15 
99.99	1.15685e-15	-1.96055e-15	2.27641e-15 
100.053	1.68103e-15	5.46248e-16	1.76755e-15 
100.116	-3.44354e-15	1.5889e-15	3.79243e-15 
100.179	-5.74988e-15	1.49954e-15	5.9422e-15 
100.243	1.9796e-15	4.45768e-17	1.9801e-15 
100.306	-1.48296e-15	2.17882e-15	2.6356e-15 
100.369	2.67746e-16	-9.33202e-16	9.70852e-16 
100.432	-1.51045e-15	-2.01656e-15	2.51952e-15 
100.495	-2.65752e-15	2.64494e-15	3.74942e-15 
100.558	3.62132e-15	-2.34775e-15	4.31578e-15 
100.621	2.68437e-15	7.14629e-16	2.77786e-15 
100.684	-3.78101e-15	-3.02776e-16	3.79311e-15 
100.748	3.55384e-15	1.13058e-15	3.72934e-15 
100.811	2.68125e-15	-1.52783e-15	3.086e-15 
100.874	3.04959e-16	-2.78576e-15	2.8024e-15 
100.937	1.50198e-15	7.58387e-16	1.68258e-15 

