0	1	-1.48666e-17	1 
1	0.999998	1.01883e-16	0.999998 
2	0.99999	9.9754e-17	0.99999 
3	0.999978	4.9861e-18	0.999978 
4	0.999961	1.00671e-16	0.999961 
5	0.999939	-3.92766e-17	0.999939 
6	0.999912	8.3936e-18	0.999912 
7	0.99988	8.74573e-17	0.99988 
8	0.999844	9.37169e-17	0.999844 
9	0.999802	1.06046e-16	0.999802 
10	0.999756	6.39345e-17	0.999756 
11	0.999705	1.33356e-16	0.999705 
12	0.999648	1.08641e-16	0.999648 
13	0.999587	-2.60927e-17	0.999587 
14	0.999522	-4.31575e-17	0.999522 
15	0.999451	1.52336e-16	0.999451 
16	0.999375	7.88085e-17	0.999375 
17	0.999295	1.18536e-16	0.999295 
18	0.999209	1.46938e-16	0.999209 
19	0.999119	1.14621e-16	0.999119 
20	0.999024	1.42717e-17	0.999024 
21	0.998924	-4.69093e-17	0.998924 
22	0.998819	7.29253e-17	0.998819 
23	0.998709	1.03417e-16	0.998709 
24	0.998595	6.78253e-17	0.998595 
25	0.998475	-5.90996e-17	0.998475 
26	0.998351	-1.03117e-17	0.998351 
27	0.998222	1.39601e-16	0.998222 
28	0.998088	3.75272e-17	0.998088 
29	0.997949	1.48468e-17	0.997949 
30	0.997805	4.08032e-17	0.997805 
31	0.997657	5.86609e-17	0.997657 
32	0.997503	4.48079e-17	0.997503 
33	0.997345	9.07805e-17	0.997345 
34	0.997182	1.37117e-17	0.997182 
35	0.997014	9.14943e-18	0.997014 
36	0.996841	3.96088e-17	0.996841 
37	0.996663	-8.74543e-18	0.996663 
38	0.996481	5.0027e-17	0.996481 
39	0.996294	-1.94016e-17	0.996294 
40	0.996101	9.77671e-18	0.996101 
41	0.995904	4.3596e-17	0.995904 
42	0.995703	1.15282e-16	0.995703 
43	0.995496	8.20078e-17	0.995496 
44	0.995285	2.25983e-17	0.995285 
45	0.995068	3.91329e-17	0.995068 
46	0.994847	-7.07521e-18	0.994847 
47	0.994621	-1.28097e-17	0.994621 
48	0.994391	-3.07046e-18	0.994391 
49	0.994155	-1.8854e-17	0.994155 
50	0.993915	-5.7065e-17	0.993915 
51	0.99367	-3.24839e-17	0.99367 
52	0.99342	5.31295e-17	0.99342 
53	0.993166	2.94185e-17	0.993166 
54	0.992906	6.18231e-17	0.992906 
55	0.992642	5.90079e-17	0.992642 
56	0.992373	2.45661e-17	0.992373 
57	0.992099	-2.44051e-17	0.992099 
58	0.991821	5.07506e-17	0.991821 
59	0.991537	7.85384e-17	0.991537 
60	0.991249	1.67105e-17	0.991249 
61	0.990957	9.81135e-17	0.990957 
62	0.990659	5.19054e-17	0.990659 
63	0.990357	4.33953e-17	0.990357 
64	0.99005	-6.27128e-17	0.99005 
65	0.989738	1.03342e-16	0.989738 
66	0.989422	3.17381e-17	0.989422 
67	0.9891	-5.25527e-18	0.9891 
68	0.988774	1.45004e-16	0.988774 
69	0.988444	-1.00279e-17	0.988444 
70	0.988108	1.15071e-16	0.988108 
71	0.987768	-2.31213e-17	0.987768 
72	0.987424	-5.51039e-17	0.987424 
73	0.987074	4.67619e-17	0.987074 
74	0.98672	-6.66761e-18	0.98672 
75	0.986361	-2.22903e-17	0.986361 
76	0.985997	-1.82785e-17	0.985997 
77	0.985629	1.59202e-17	0.985629 
78	0.985256	4.94584e-17	0.985256 
79	0.984879	2.35441e-17	0.984879 
80	0.984496	-5.43039e-18	0.984496 
81	0.98411	7.49619e-17	0.98411 
82	0.983718	5.7854e-17	0.983718 
83	0.983322	6.21684e-17	0.983322 
84	0.982921	-8.63891e-18	0.982921 
85	0.982515	-9.0229e-17	0.982515 
86	0.982105	8.90815e-17	0.982105 
87	0.981691	-2.23089e-17	0.981691 
88	0.981271	1.59052e-17	0.981271 
89	0.980847	-1.75846e-17	0.980847 
90	0.980419	2.67519e-17	0.980419 
91	0.979986	8.85443e-17	0.979986 
92	0.979548	2.61574e-17	0.979548 
93	0.979106	1.38831e-16	0.979106 
94	0.978659	1.73426e-17	0.978659 
95	0.978207	2.9804e-17	0.978207 
96	0.977751	-7.78796e-17	0.977751 
97	0.977291	-8.04646e-17	0.977291 
98	0.976825	-7.67768e-18	0.976825 
99	0.976356	-6.30364e-17	0.976356 
100	0.975882	-6.19443e-17	0.975882 
101	0.975403	-8.40308e-18	0.975403 
102	0.974919	-1.98723e-17	0.974919 
103	0.974432	-1.15801e-17	0.974432 
104	0.973939	-1.81733e-17	0.973939 
105	0.973443	2.88047e-17	0.973443 
106	0.972941	-2.65032e-17	0.972941 
107	0.972435	-2.73871e-17	0.972435 
108	0.971925	1.6068e-17	0.971925 
109	0.97141	7.04231e-17	0.97141 
110	0.970891	3.89377e-18	0.970891 
111	0.970367	3.56053e-17	0.970367 
112	0.969839	2.75832e-17	0.969839 
113	0.969307	2.72291e-17	0.969307 
114	0.96877	-2.75297e-17	0.96877 
115	0.968228	-8.37229e-18	0.968228 
116	0.967682	-4.7607e-17	0.967682 
117	0.967132	-8.61717e-18	0.967132 
118	0.966577	5.86335e-17	0.966577 
119	0.966018	1.44067e-16	0.966018 
120	0.965455	1.4161e-17	0.965455 
121	0.964887	-6.10001e-17	0.964887 
122	0.964314	-5.19795e-17	0.964314 
123	0.963738	-1.2068e-17	0.963738 
124	0.963157	1.8109e-17	0.963157 
125	0.962571	-2.39246e-17	0.962571 
126	0.961982	1.04759e-17	0.961982 
127	0.961388	-4.94409e-17	0.961388 
128	0.960789	-2.38856e-17	0.960789 
129	0.960187	8.68823e-17	0.960187 
130	0.95958	4.17588e-18	0.95958 
131	0.958969	-5.17451e-17	0.958969 
132	0.958353	-3.72517e-17	0.958353 
133	0.957733	-7.83048e-17	0.957733 
134	0.957109	8.52351e-17	0.957109 
135	0.956481	-3.11205e-17	0.956481 
136	0.955848	-5.89134e-17	0.955848 
137	0.955211	-1.85685e-17	0.955211 
138	0.95457	-5.05197e-18	0.95457 
139	0.953925	-1.71564e-18	0.953925 
140	0.953275	-6.00462e-17	0.953275 
141	0.952622	-4.78749e-17	0.952622 
142	0.951964	3.59115e-17	0.951964 
143	0.951301	6.58246e-17	0.951301 
144	0.950635	-3.06389e-18	0.950635 
145	0.949965	6.30143e-17	0.949965 
146	0.94929	2.55252e-17	0.94929 
147	0.948611	-1.15542e-16	0.948611 
148	0.947928	-1.77855e-17	0.947928 
149	0.947241	-6.91253e-17	0.947241 
150	0.94655	7.8488e-18	0.94655 
151	0.945855	7.53056e-17	0.945855 
152	0.945155	-9.98259e-18	0.945155 
153	0.944452	2.52757e-17	0.944452 
154	0.943744	-5.64811e-17	0.943744 
155	0.943032	4.54411e-18	0.943032 
156	0.942317	-7.16984e-17	0.942317 
157	0.941597	-7.18869e-17	0.941597 
158	0.940873	-1.85327e-18	0.940873 
159	0.940145	-1.83329e-17	0.940145 
160	0.939413	-7.50178e-17	0.939413 
161	0.938677	4.98796e-17	0.938677 
162	0.937937	-4.04858e-17	0.937937 
163	0.937193	-9.15937e-17	0.937193 
164	0.936445	-6.06948e-17	0.936445 
165	0.935694	3.51573e-17	0.935694 
166	0.934938	-2.99097e-18	0.934938 
167	0.934178	-6.02539e-17	0.934178 
168	0.933414	-3.36922e-17	0.933414 
169	0.932647	4.48058e-17	0.932647 
170	0.931875	5.4798e-17	0.931875 
171	0.931099	-1.99618e-17	0.931099 
172	0.93032	-7.22175e-17	0.93032 
173	0.929537	-4.7125e-17	0.929537 
174	0.92875	2.0598e-17	0.92875 
175	0.927959	2.32232e-17	0.927959 
176	0.927164	2.21104e-17	0.927164 
177	0.926365	4.57057e-17	0.926365 
178	0.925563	4.33882e-17	0.925563 
179	0.924756	-4.45278e-17	0.924756 
180	0.923946	-3.97944e-18	0.923946 
181	0.923132	-2.29378e-17	0.923132 
182	0.922314	-2.34481e-17	0.922314 
183	0.921493	5.77452e-17	0.921493 
184	0.920668	8.92901e-18	0.920668 
185	0.919839	-3.6012e-17	0.919839 
186	0.919006	-2.12806e-17	0.919006 
187	0.918169	3.94772e-17	0.918169 
188	0.917329	-1.21328e-16	0.917329 
189	0.916485	-2.94756e-17	0.916485 
190	0.915637	7.5599e-18	0.915637 
191	0.914786	-1.0934e-18	0.914786 
192	0.913931	3.89663e-17	0.913931 
193	0.913073	5.04723e-17	0.913073 
194	0.91221	-5.06323e-17	0.91221 
195	0.911344	-8.57863e-19	0.911344 
196	0.910475	-7.04462e-17	0.910475 
197	0.909602	-1.11068e-16	0.909602 
198	0.908725	-1.22713e-18	0.908725 
199	0.907845	-4.39676e-17	0.907845 
200	0.906961	-5.95715e-17	0.906961 
201	0.906073	5.15121e-17	0.906073 
202	0.905182	-1.94844e-17	0.905182 
203	0.904288	1.71138e-17	0.904288 
204	0.903389	-9.99459e-17	0.903389 
205	0.902488	2.65779e-17	0.902488 
206	0.901583	4.10788e-17	0.901583 
207	0.900674	-5.32414e-17	0.900674 
208	0.899762	5.04717e-18	0.899762 
209	0.898846	2.86209e-17	0.898846 
210	0.897927	8.05677e-18	0.897927 
211	0.897005	-4.12691e-17	0.897005 
212	0.896079	-3.40076e-17	0.896079 
213	0.89515	-6.93048e-17	0.89515 
214	0.894217	7.24008e-17	0.894217 
215	0.893281	6.77379e-17	0.893281 
216	0.892342	4.16749e-17	0.892342 
217	0.891399	2.90146e-17	0.891399 
218	0.890453	-1.77355e-17	0.890453 
219	0.889503	-2.83314e-17	0.889503 
220	0.88855	-6.76204e-17	0.88855 
221	0.887594	-7.10045e-17	0.887594 
222	0.886635	-7.09593e-17	0.886635 
223	0.885672	-1.40782e-18	0.885672 
224	0.884706	-1.11814e-16	0.884706 
225	0.883737	5.1238e-17	0.883737 
226	0.882764	2.35003e-17	0.882764 
227	0.881788	-2.45491e-17	0.881788 
228	0.880809	-4.45848e-17	0.880809 
229	0.879827	-1.55057e-17	0.879827 
230	0.878842	1.31384e-18	0.878842 
231	0.877853	-5.16194e-17	0.877853 
232	0.876861	-1.07534e-16	0.876861 
233	0.875867	4.29936e-17	0.875867 
234	0.874869	8.3277e-18	0.874869 
235	0.873867	-6.69307e-17	0.873867 
236	0.872863	2.75865e-18	0.872863 
237	0.871856	6.98797e-17	0.871856 
238	0.870845	-1.17341e-17	0.870845 
239	0.869832	1.96886e-17	0.869832 
240	0.868815	4.56285e-17	0.868815 
241	0.867795	5.15285e-17	0.867795 
242	0.866773	-7.84062e-18	0.866773 
243	0.865747	1.39746e-17	0.865747 
244	0.864718	-6.73973e-17	0.864718 
245	0.863687	-1.47146e-17	0.863687 
246	0.862652	-3.69981e-17	0.862652 
247	0.861614	-1.539e-16	0.861614 
248	0.860574	-2.44924e-17	0.860574 
249	0.85953	-4.28767e-17	0.85953 
250	0.858483	-5.3341e-17	0.858483 
251	0.857434	-4.72741e-18	0.857434 
252	0.856382	-7.88956e-19	0.856382 
253	0.855327	-1.10774e-17	0.855327 
254	0.854268	3.26633e-17	0.854268 
255	0.853208	-4.04946e-17	0.853208 
256	0.852144	-4.23654e-17	0.852144 
257	0.851077	-2.88426e-17	0.851077 
258	0.850008	-1.64771e-17	0.850008 
259	0.848936	-2.62808e-17	0.848936 
260	0.847861	-1.30059e-16	0.847861 
261	0.846783	-1.03422e-16	0.846783 
262	0.845702	1.35185e-17	0.845702 
263	0.844619	-8.34807e-17	0.844619 
264	0.843533	-6.3554e-17	0.843533 
265	0.842444	1.69746e-18	0.842444 
266	0.841353	-1.55937e-17	0.841353 
267	0.840259	8.79543e-18	0.840259 
268	0.839162	2.85782e-17	0.839162 
269	0.838063	5.08963e-18	0.838063 
270	0.83696	7.70096e-17	0.83696 
271	0.835856	-8.73661e-17	0.835856 
272	0.834748	-1.40674e-16	0.834748 
273	0.833638	-1.02541e-17	0.833638 
274	0.832526	-1.89464e-18	0.832526 
275	0.831411	-3.2517e-17	0.831411 
276	0.830293	-8.78725e-17	0.830293 
277	0.829173	-1.86527e-17	0.829173 
278	0.82805	5.4369e-17	0.82805 
279	0.826925	-1.93177e-17	0.826925 
280	0.825797	-3.85865e-17	0.825797 
281	0.824667	-3.87504e-18	0.824667 
282	0.823534	-1.75581e-16	0.823534 
283	0.822399	3.70663e-17	0.822399 
284	0.821261	-4.75924e-17	0.821261 
285	0.820121	-3.6472e-17	0.820121 
286	0.818979	-2.14031e-17	0.818979 
287	0.817834	-8.90577e-17	0.817834 
288	0.816686	-1.26434e-16	0.816686 
289	0.815537	-3.08798e-18	0.815537 
290	0.814385	-3.75671e-18	0.814385 
291	0.81323	-8.67589e-17	0.81323 
292	0.812074	9.24562e-18	0.812074 
293	0.810915	-4.59683e-18	0.810915 
294	0.809754	1.6266e-17	0.809754 
295	0.80859	-3.46444e-17	0.80859 
296	0.807424	-9.15392e-17	0.807424 
297	0.806256	-1.24019e-16	0.806256 
298	0.805086	-3.34602e-17	0.805086 
299	0.803913	-6.42284e-17	0.803913 
300	0.802738	-4.7081e-18	0.802738 
301	0.801561	1.33939e-17	0.801561 
302	0.800382	4.77593e-17	0.800382 
303	0.799201	-1.17948e-17	0.799201 
304	0.798017	-3.2664e-17	0.798017 
305	0.796832	6.37987e-17	0.796832 
306	0.795644	-1.74331e-18	0.795644 
307	0.794454	-1.00725e-16	0.794454 
308	0.793262	-2.37698e-17	0.793262 
309	0.792068	-4.69989e-17	0.792068 
310	0.790872	-2.56752e-17	0.790872 
311	0.789674	-1.13029e-16	0.789674 
312	0.788474	-3.21723e-17	0.788474 
313	0.787271	-8.95708e-17	0.787271 
314	0.786067	-6.59134e-17	0.786067 
315	0.784861	9.75264e-18	0.784861 
316	0.783653	-8.03379e-17	0.783653 
317	0.782443	1.42303e-17	0.782443 
318	0.781231	-4.01422e-17	0.781231 
319	0.780017	-9.48244e-17	0.780017 
320	0.778801	-1.12976e-17	0.778801 
321	0.777583	-2.5516e-17	0.777583 
322	0.776363	-1.08791e-16	0.776363 
323	0.775142	-3.62157e-17	0.775142 
324	0.773918	-4.1267e-17	0.773918 
325	0.772693	-6.49112e-17	0.772693 
326	0.771466	-2.57756e-17	0.771466 
327	0.770237	2.86211e-17	0.770237 
328	0.769006	9.81139e-18	0.769006 
329	0.767774	-8.30126e-18	0.767774 
330	0.766539	-3.00131e-17	0.766539 
331	0.765303	-4.26603e-17	0.765303 
332	0.764066	-2.88002e-17	0.764066 
333	0.762826	4.35035e-17	0.762826 
334	0.761585	3.82126e-17	0.761585 
335	0.760342	-1.41975e-17	0.760342 
336	0.759098	-9.69831e-17	0.759098 
337	0.757851	-1.34653e-17	0.757851 
338	0.756603	-6.20744e-17	0.756603 
339	0.755354	-2.15678e-18	0.755354 
340	0.754103	9.53045e-18	0.754103 
341	0.75285	-2.28736e-17	0.75285 
342	0.751596	8.3461e-17	0.751596 
343	0.75034	4.11029e-17	0.75034 
344	0.749082	-3.08635e-17	0.749082 
345	0.747823	-5.53063e-17	0.747823 
346	0.746563	-9.6607e-18	0.746563 
347	0.745301	-1.46606e-16	0.745301 
348	0.744037	-4.82015e-17	0.744037 
349	0.742772	2.78983e-17	0.742772 
350	0.741506	3.98609e-17	0.741506 
351	0.740238	-4.38269e-17	0.740238 
352	0.738968	2.54417e-17	0.738968 
353	0.737698	-5.54445e-17	0.737698 
354	0.736425	1.10376e-17	0.736425 
355	0.735152	5.637e-17	0.735152 
356	0.733877	1.58171e-17	0.733877 
357	0.7326	-6.74959e-17	0.7326 
358	0.731323	4.94673e-17	0.731323 
359	0.730044	-2.88841e-17	0.730044 
360	0.728763	-1.50486e-17	0.728763 
361	0.727482	-2.90664e-18	0.727482 
362	0.726199	-2.84929e-17	0.726199 
363	0.724914	-1.40286e-16	0.724914 
364	0.723629	1.16501e-18	0.723629 
365	0.722342	4.18983e-17	0.722342 
366	0.721054	5.05701e-17	0.721054 
367	0.719765	-6.6819e-17	0.719765 
368	0.718475	-3.24984e-17	0.718475 
369	0.717183	-2.48728e-17	0.717183 
370	0.71589	1.81476e-17	0.71589 
371	0.714596	2.47787e-17	0.714596 
372	0.713301	-4.73825e-17	0.713301 
373	0.712005	-5.73437e-17	0.712005 
374	0.710708	5.9216e-17	0.710708 
375	0.709409	-3.94369e-17	0.709409 
376	0.70811	-7.56303e-17	0.70811 
377	0.706809	-4.12556e-17	0.706809 
378	0.705507	-3.38728e-17	0.705507 
379	0.704205	-4.70232e-17	0.704205 
380	0.702901	-8.43048e-18	0.702901 
381	0.701596	3.73015e-17	0.701596 
382	0.700291	-8.57654e-17	0.700291 
383	0.698984	5.32131e-17	0.698984 
384	0.697676	-3.47924e-17	0.697676 
385	0.696368	-3.84573e-17	0.696368 
386	0.695058	-7.70124e-17	0.695058 
387	0.693748	-7.16178e-17	0.693748 
388	0.692436	-1.04966e-16	0.692436 
389	0.691124	-2.71223e-17	0.691124 
390	0.689811	1.38471e-17	0.689811 
391	0.688497	-9.95259e-17	0.688497 
392	0.687182	-3.14508e-17	0.687182 
393	0.685866	-7.86807e-17	0.685866 
394	0.68455	-1.41033e-16	0.68455 
395	0.683232	-2.47401e-17	0.683232 
396	0.681914	-6.95886e-18	0.681914 
397	0.680595	-5.61258e-17	0.680595 
398	0.679275	2.94413e-17	0.679275 
399	0.677955	-2.46904e-17	0.677955 
400	0.676634	-3.93555e-17	0.676634 
401	0.675312	-1.63116e-17	0.675312 
402	0.673989	-1.40336e-17	0.673989 
403	0.672666	-6.69819e-17	0.672666 
404	0.671342	-7.78141e-17	0.671342 
405	0.670017	-1.30406e-17	0.670017 
406	0.668692	7.98487e-17	0.668692 
407	0.667366	-1.27211e-17	0.667366 
408	0.66604	-5.27487e-17	0.66604 
409	0.664712	-9.69985e-17	0.664712 
410	0.663385	2.61449e-17	0.663385 
411	0.662056	-8.51328e-17	0.662056 
412	0.660727	-8.06889e-17	0.660727 
413	0.659398	-1.25225e-16	0.659398 
414	0.658068	1.12099e-16	0.658068 
415	0.656737	-5.79005e-17	0.656737 
416	0.655406	-3.8501e-17	0.655406 
417	0.654075	-2.13844e-17	0.654075 
418	0.652743	-3.20488e-17	0.652743 
419	0.65141	-8.02695e-17	0.65141 
420	0.650077	-3.6335e-17	0.650077 
421	0.648744	-2.31864e-17	0.648744 
422	0.64741	-1.2036e-17	0.64741 
423	0.646076	8.43242e-18	0.646076 
424	0.644741	8.24529e-18	0.644741 
425	0.643406	-7.63098e-17	0.643406 
426	0.642071	-3.73546e-17	0.642071 
427	0.640735	-1.00684e-17	0.640735 
428	0.639399	-9.30895e-17	0.639399 
429	0.638063	-2.05151e-17	0.638063 
430	0.636726	-4.83837e-17	0.636726 
431	0.635389	-3.13641e-17	0.635389 
432	0.634052	-7.94018e-17	0.634052 
433	0.632714	-2.73398e-17	0.632714 
434	0.631376	-7.64821e-17	0.631376 
435	0.630038	1.57548e-17	0.630038 
436	0.6287	-1.66314e-16	0.6287 
437	0.627361	-1.4204e-16	0.627361 
438	0.626022	-1.10441e-16	0.626022 
439	0.624683	-4.65933e-17	0.624683 
440	0.623344	-2.29979e-17	0.623344 
441	0.622005	-8.25918e-17	0.622005 
442	0.620666	-1.63085e-17	0.620666 
443	0.619326	-5.62792e-17	0.619326 
444	0.617986	-8.23116e-17	0.617986 
445	0.616646	1.82195e-17	0.616646 
446	0.615306	-2.13821e-17	0.615306 
447	0.613966	2.27127e-18	0.613966 
448	0.612626	-4.01094e-17	0.612626 
449	0.611286	-8.03934e-17	0.611286 
450	0.609946	-2.5252e-17	0.609946 
451	0.608606	-4.72536e-17	0.608606 
452	0.607266	-6.2484e-17	0.607266 
453	0.605925	-6.17237e-17	0.605925 
454	0.604585	-9.61836e-19	0.604585 
455	0.603245	5.12832e-17	0.603245 
456	0.601905	6.24863e-17	0.601905 
457	0.600564	-9.34515e-17	0.600564 
458	0.599224	-6.5731e-17	0.599224 
459	0.597884	-2.17998e-17	0.597884 
460	0.596544	-2.73845e-17	0.596544 
461	0.595205	-2.54993e-17	0.595205 
462	0.593865	-7.45039e-17	0.593865 
463	0.592525	-1.53796e-16	0.592525 
464	0.591186	3.51452e-18	0.591186 
465	0.589846	-7.64937e-17	0.589846 
466	0.588507	-7.04895e-17	0.588507 
467	0.587168	-1.43182e-17	0.587168 
468	0.585829	-1.17284e-16	0.585829 
469	0.584491	-6.62742e-17	0.584491 
470	0.583152	9.8721e-17	0.583152 
471	0.581814	1.44936e-17	0.581814 
472	0.580476	-9.56256e-17	0.580476 
473	0.579139	-1.15042e-16	0.579139 
474	0.577801	2.92475e-17	0.577801 
475	0.576464	-7.71613e-17	0.576464 
476	0.575127	-1.62785e-17	0.575127 
477	0.573791	-2.30928e-17	0.573791 
478	0.572454	-5.40591e-17	0.572454 
479	0.571118	-4.59236e-17	0.571118 
480	0.569783	6.3141e-17	0.569783 
481	0.568448	-7.69871e-18	0.568448 
482	0.567113	-1.3918e-16	0.567113 
483	0.565778	4.4254e-17	0.565778 
484	0.564444	-1.13131e-16	0.564444 
485	0.56311	-1.96556e-17	0.56311 
486	0.561777	-2.25576e-19	0.561777 
487	0.560444	-6.40529e-17	0.560444 
488	0.559112	-1.14522e-16	0.559112 
489	0.55778	-9.71519e-17	0.55778 
490	0.556448	-2.23905e-17	0.556448 
491	0.555117	-5.4131e-17	0.555117 
492	0.553786	-4.56463e-17	0.553786 
493	0.552456	-2.6027e-17	0.552456 
494	0.551126	-6.71065e-17	0.551126 
495	0.549797	-6.85243e-17	0.549797 
496	0.548469	4.62375e-17	0.548469 
497	0.547141	-5.00651e-17	0.547141 
498	0.545813	3.60262e-18	0.545813 
499	0.544486	6.62702e-17	0.544486 
500	0.54316	2.38553e-17	0.54316 
501	0.541834	-3.07797e-17	0.541834 
502	0.540509	3.55464e-17	0.540509 
503	0.539184	2.44326e-17	0.539184 
504	0.53786	2.03203e-17	0.53786 
505	0.536537	4.77409e-17	0.536537 
506	0.535214	-8.32045e-18	0.535214 
507	0.533892	-6.00012e-17	0.533892 
508	0.532571	-7.07216e-18	0.532571 
509	0.53125	-4.33166e-17	0.53125 
510	0.52993	3.43611e-17	0.52993 
511	0.528611	-4.41842e-18	0.528611 
512	0.527292	-5.50726e-17	0.527292 
513	0.525975	-8.27926e-17	0.525975 
514	0.524657	-5.88569e-17	0.524657 
515	0.523341	4.71523e-17	0.523341 
516	0.522025	-9.18993e-17	0.522025 
517	0.520711	-6.48151e-17	0.520711 
518	0.519396	-4.56823e-17	0.519396 
519	0.518083	1.99452e-17	0.518083 
520	0.516771	7.30424e-17	0.516771 
521	0.515459	-1.03335e-17	0.515459 
522	0.514148	-9.83387e-17	0.514148 
523	0.512838	7.78401e-17	0.512838 
524	0.511529	4.59438e-17	0.511529 
525	0.51022	2.5076e-17	0.51022 
526	0.508913	-9.7825e-18	0.508913 
527	0.507606	4.92463e-17	0.507606 
528	0.5063	3.79388e-17	0.5063 
529	0.504996	-4.39847e-17	0.504996 
530	0.503692	6.48315e-17	0.503692 
531	0.502389	5.54438e-17	0.502389 
532	0.501086	-1.23303e-17	0.501086 
533	0.499785	7.95943e-17	0.499785 
534	0.498485	-2.15468e-17	0.498485 
535	0.497186	2.31057e-17	0.497186 
536	0.495887	-5.82914e-17	0.495887 
537	0.49459	-8.14678e-17	0.49459 
538	0.493294	9.38132e-18	0.493294 
539	0.491998	-3.14321e-17	0.491998 
540	0.490704	4.2144e-17	0.490704 
541	0.489411	-9.7186e-18	0.489411 
542	0.488118	6.82331e-17	0.488118 
543	0.486827	-5.86705e-17	0.486827 
544	0.485537	7.08714e-17	0.485537 
545	0.484248	1.42178e-17	0.484248 
546	0.48296	3.41618e-18	0.48296 
547	0.481673	-3.80745e-17	0.481673 
548	0.480387	-4.00019e-17	0.480387 
549	0.479102	-5.09524e-17	0.479102 
550	0.477818	5.30317e-17	0.477818 
551	0.476535	5.88433e-17	0.476535 
552	0.475254	3.56814e-17	0.475254 
553	0.473973	-1.36143e-16	0.473973 
554	0.472694	1.30689e-17	0.472694 
555	0.471416	-2.82679e-20	0.471416 
556	0.470139	1.20111e-17	0.470139 
557	0.468863	-3.75736e-17	0.468863 
558	0.467589	-6.33133e-17	0.467589 
559	0.466315	-3.65404e-17	0.466315 
560	0.465043	-9.18437e-18	0.465043 
561	0.463772	-4.81939e-17	0.463772 
562	0.462502	-1.25818e-17	0.462502 
563	0.461234	-3.83029e-17	0.461234 
564	0.459967	3.83242e-17	0.459967 
565	0.4587	5.67048e-17	0.4587 
566	0.457436	-3.96248e-17	0.457436 
567	0.456172	2.16418e-17	0.456172 
568	0.45491	-5.29659e-17	0.45491 
569	0.453649	-4.13627e-17	0.453649 
570	0.452389	4.4709e-17	0.452389 
571	0.451131	-5.1704e-17	0.451131 
572	0.449873	-4.44405e-17	0.449873 
573	0.448618	1.83384e-17	0.448618 
574	0.447363	-3.71768e-17	0.447363 
575	0.44611	9.2502e-17	0.44611 
576	0.444858	-5.79579e-17	0.444858 
577	0.443608	-4.02536e-17	0.443608 
578	0.442358	-9.92952e-17	0.442358 
579	0.441111	3.65984e-17	0.441111 
580	0.439864	3.5197e-17	0.439864 
581	0.438619	9.43729e-18	0.438619 
582	0.437376	-7.45807e-17	0.437376 
583	0.436133	1.41746e-17	0.436133 
584	0.434893	-3.05767e-17	0.434893 
585	0.433653	-9.07471e-18	0.433653 
586	0.432415	-7.2309e-17	0.432415 
587	0.431179	5.21239e-17	0.431179 
588	0.429943	-2.77225e-17	0.429943 
589	0.42871	4.49544e-17	0.42871 
590	0.427478	4.64151e-17	0.427478 
591	0.426247	-3.15515e-17	0.426247 
592	0.425017	5.96341e-17	0.425017 
593	0.42379	-3.17666e-17	0.42379 
594	0.422563	-5.54497e-17	0.422563 
595	0.421338	6.35571e-17	0.421338 
596	0.420115	7.36954e-17	0.420115 
597	0.418893	-2.30783e-17	0.418893 
598	0.417673	1.22843e-18	0.417673 
599	0.416454	9.83481e-17	0.416454 
600	0.415237	-6.04221e-17	0.415237 
601	0.414021	-1.11913e-16	0.414021 
602	0.412807	8.41087e-17	0.412807 
603	0.411594	-1.19371e-16	0.411594 
604	0.410383	2.42952e-17	0.410383 
605	0.409174	8.75283e-17	0.409174 
606	0.407966	8.03864e-17	0.407966 
607	0.406759	-1.43955e-16	0.406759 
608	0.405555	5.61484e-18	0.405555 
609	0.404351	-7.81433e-17	0.404351 
610	0.40315	2.33601e-17	0.40315 
611	0.40195	-7.55381e-17	0.40195 
612	0.400751	-7.28424e-17	0.400751 
613	0.399555	-5.12503e-17	0.399555 
614	0.39836	1.16857e-16	0.39836 
615	0.397166	1.05641e-16	0.397166 
616	0.395974	2.72337e-17	0.395974 
617	0.394784	-5.14389e-17	0.394784 
618	0.393595	2.24336e-17	0.393595 
619	0.392409	2.27927e-18	0.392409 
620	0.391223	-2.8986e-17	0.391223 
621	0.39004	-6.20365e-17	0.39004 
622	0.388858	-9.95785e-17	0.388858 
623	0.387678	-8.48192e-18	0.387678 
624	0.386499	2.26032e-17	0.386499 
625	0.385323	4.08635e-17	0.385323 
626	0.384148	2.73493e-17	0.384148 
627	0.382974	-3.39262e-18	0.382974 
628	0.381803	-6.27715e-17	0.381803 
629	0.380633	-3.3711e-17	0.380633 
630	0.379465	5.84603e-17	0.379465 
631	0.378298	3.27695e-17	0.378298 
632	0.377133	-8.46203e-17	0.377133 
633	0.37597	-5.36179e-18	0.37597 
634	0.374809	3.04764e-17	0.374809 
635	0.37365	3.15686e-17	0.37365 
636	0.372492	-7.98574e-17	0.372492 
637	0.371336	-4.3348e-17	0.371336 
638	0.370182	-7.97035e-17	0.370182 
639	0.36903	1.44545e-16	0.36903 
640	0.367879	2.90093e-17	0.367879 
641	0.366731	-5.46878e-17	0.366731 
642	0.365584	-4.23564e-17	0.365584 
643	0.364439	-1.57368e-17	0.364439 
644	0.363295	-5.00284e-17	0.363295 
645	0.362154	3.06947e-17	0.362154 
646	0.361014	1.64598e-17	0.361014 
647	0.359876	-3.47198e-17	0.359876 
648	0.35874	1.91552e-17	0.35874 
649	0.357606	-7.16422e-17	0.357606 
650	0.356474	-1.44629e-17	0.356474 
651	0.355343	3.18158e-17	0.355343 
652	0.354215	-5.17657e-17	0.354215 
653	0.353088	1.36808e-17	0.353088 
654	0.351963	-7.09164e-18	0.351963 
655	0.35084	-1.41975e-17	0.35084 
656	0.349719	2.77946e-17	0.349719 
657	0.3486	-8.72904e-17	0.3486 
658	0.347482	-2.29078e-17	0.347482 
659	0.346367	-4.26009e-17	0.346367 
660	0.345253	4.67685e-17	0.345253 
661	0.344142	-9.99047e-17	0.344142 
662	0.343032	-6.00043e-17	0.343032 
663	0.341924	-2.15428e-17	0.341924 
664	0.340818	2.19247e-17	0.340818 
665	0.339714	3.53022e-17	0.339714 
666	0.338612	9.96111e-17	0.338612 
667	0.337512	-7.64524e-17	0.337512 
668	0.336414	-7.05846e-17	0.336414 
669	0.335317	-6.27089e-18	0.335317 
670	0.334223	7.65166e-17	0.334223 
671	0.33313	9.54364e-18	0.33313 
672	0.33204	-4.91029e-17	0.33204 
673	0.330951	-1.75556e-17	0.330951 
674	0.329865	5.69685e-17	0.329865 
675	0.32878	-2.00345e-17	0.32878 
676	0.327698	6.98142e-17	0.327698 
677	0.326617	1.3561e-18	0.326617 
678	0.325538	-1.88024e-17	0.325538 
679	0.324462	4.55919e-17	0.324462 
680	0.323387	3.4602e-17	0.323387 
681	0.322314	-1.34594e-17	0.322314 
682	0.321243	-8.68365e-17	0.321243 
683	0.320174	-2.60615e-17	0.320174 
684	0.319108	-8.20725e-17	0.319108 
685	0.318043	3.69696e-17	0.318043 
686	0.31698	-1.36966e-16	0.31698 
687	0.315919	-3.5205e-17	0.315919 
688	0.314861	-2.7501e-17	0.314861 
689	0.313804	3.10528e-17	0.313804 
690	0.312749	1.1066e-16	0.312749 
691	0.311697	-5.78321e-17	0.311697 
692	0.310646	-2.63212e-17	0.310646 
693	0.309597	-8.40733e-17	0.309597 
694	0.308551	-9.10822e-17	0.308551 
695	0.307506	-9.68284e-18	0.307506 
696	0.306464	3.67347e-17	0.306464 
697	0.305423	-6.50407e-18	0.305423 
698	0.304385	6.24283e-17	0.304385 
699	0.303348	-2.66129e-17	0.303348 
700	0.302314	-5.00835e-17	0.302314 
701	0.301282	6.26987e-18	0.301282 
702	0.300252	-6.78416e-17	0.300252 
703	0.299223	-3.29487e-18	0.299223 
704	0.298197	1.97871e-17	0.298197 
705	0.297173	-1.2911e-16	0.297173 
706	0.296151	5.53177e-17	0.296151 
707	0.295131	-1.94562e-17	0.295131 
708	0.294114	-6.8355e-17	0.294114 
709	0.293098	3.06633e-17	0.293098 
710	0.292084	3.06748e-17	0.292084 
711	0.291073	-4.1158e-17	0.291073 
712	0.290063	-3.55656e-18	0.290063 
713	0.289056	-6.68261e-17	0.289056 
714	0.288051	1.35673e-17	0.288051 
715	0.287047	7.14924e-17	0.287047 
716	0.286046	-3.18528e-17	0.286046 
717	0.285047	6.99294e-17	0.285047 
718	0.28405	-1.54375e-16	0.28405 
719	0.283056	-2.5968e-17	0.283056 
720	0.282063	-2.01542e-17	0.282063 
721	0.281072	-4.66924e-17	0.281072 
722	0.280084	-4.32054e-17	0.280084 
723	0.279098	-1.35428e-17	0.279098 
724	0.278113	1.0217e-16	0.278113 
725	0.277131	4.71629e-17	0.277131 
726	0.276151	4.00998e-17	0.276151 
727	0.275173	-2.83399e-17	0.275173 
728	0.274198	-5.95817e-17	0.274198 
729	0.273224	-1.06678e-17	0.273224 
730	0.272252	8.07687e-17	0.272252 
731	0.271283	-7.45557e-17	0.271283 
732	0.270316	-9.50058e-17	0.270316 
733	0.269351	-5.87909e-17	0.269351 
734	0.268388	5.0594e-17	0.268388 
735	0.267427	-4.79743e-17	0.267427 
736	0.266468	-9.07068e-17	0.266468 
737	0.265512	1.89225e-17	0.265512 
738	0.264557	2.70143e-17	0.264557 
739	0.263605	5.94074e-17	0.263605 
740	0.262655	3.25857e-17	0.262655 
741	0.261707	2.0258e-17	0.261707 
742	0.260761	5.49561e-17	0.260761 
743	0.259817	-1.18318e-16	0.259817 
744	0.258876	3.12107e-17	0.258876 
745	0.257937	-9.99018e-17	0.257937 
746	0.256999	1.4807e-17	0.256999 
747	0.256064	-1.75523e-17	0.256064 
748	0.255131	-9.30652e-17	0.255131 
749	0.254201	-3.29278e-17	0.254201 
750	0.253272	-2.60449e-17	0.253272 
751	0.252346	7.54212e-17	0.252346 
752	0.251421	-1.18273e-17	0.251421 
753	0.250499	-6.39955e-17	0.250499 
754	0.249579	9.19759e-18	0.249579 
755	0.248662	-2.02743e-17	0.248662 
756	0.247746	1.04416e-16	0.247746 
757	0.246832	-2.40957e-17	0.246832 
758	0.245921	-5.52107e-17	0.245921 
759	0.245012	-1.05642e-17	0.245012 
760	0.244105	-2.61354e-17	0.244105 
761	0.2432	-1.06023e-17	0.2432 
762	0.242298	-2.69299e-17	0.242298 
763	0.241397	-7.83746e-18	0.241397 
764	0.240499	-2.02483e-17	0.240499 
765	0.239603	-3.89151e-17	0.239603 
766	0.238709	6.51214e-18	0.238709 
767	0.237817	2.85361e-18	0.237817 
768	0.236928	-1.33317e-16	0.236928 
769	0.23604	-2.30667e-16	0.23604 
770	0.235155	-2.02547e-17	0.235155 
771	0.234272	2.97333e-17	0.234272 
772	0.233391	-1.45139e-16	0.233391 
773	0.232513	9.10854e-17	0.232513 
774	0.231636	-5.06125e-17	0.231636 
775	0.230762	1.03254e-17	0.230762 
776	0.22989	7.4248e-17	0.22989 
777	0.22902	-7.68053e-17	0.22902 
778	0.228152	-8.74631e-17	0.228152 
779	0.227286	-9.38709e-18	0.227286 
780	0.226423	-1.00431e-17	0.226423 
781	0.225561	2.10825e-17	0.225561 
782	0.224702	-1.29128e-16	0.224702 
783	0.223845	-8.55015e-17	0.223845 
784	0.222991	1.58586e-17	0.222991 
785	0.222138	-1.08152e-16	0.222138 
786	0.221288	-6.36322e-17	0.221288 
787	0.22044	-3.11459e-17	0.22044 
788	0.219594	-1.85402e-17	0.219594 
789	0.21875	6.099e-17	0.21875 
790	0.217908	-9.4395e-17	0.217908 
791	0.217069	-1.65381e-17	0.217069 
792	0.216231	1.41843e-17	0.216231 
793	0.215396	-1.00745e-16	0.215396 
794	0.214563	5.16306e-17	0.214563 
795	0.213733	-4.98251e-17	0.213733 
796	0.212904	-5.72806e-17	0.212904 
797	0.212078	4.64544e-17	0.212078 
798	0.211253	8.26175e-17	0.211253 
799	0.210431	8.65585e-18	0.210431 
800	0.209611	-8.50862e-19	0.209611 
801	0.208794	-1.63916e-17	0.208794 
802	0.207978	4.79876e-18	0.207978 
803	0.207165	-5.39672e-18	0.207165 
804	0.206354	6.44353e-17	0.206354 
805	0.205545	-3.32773e-17	0.205545 
806	0.204738	-5.15434e-18	0.204738 
807	0.203933	-6.34705e-17	0.203933 
808	0.203131	7.23873e-17	0.203131 
809	0.20233	-3.25777e-17	0.20233 
810	0.201532	-8.25939e-17	0.201532 
811	0.200736	-1.18956e-17	0.200736 
812	0.199942	-8.6717e-17	0.199942 
813	0.199151	3.92425e-17	0.199151 
814	0.198361	-5.71803e-17	0.198361 
815	0.197574	-3.49817e-17	0.197574 
816	0.196789	1.02085e-17	0.196789 
817	0.196006	-6.62418e-17	0.196006 
818	0.195225	-7.64974e-17	0.195225 
819	0.194446	1.59686e-17	0.194446 
820	0.19367	-5.37582e-17	0.19367 
821	0.192895	-6.58098e-18	0.192895 
822	0.192123	-5.63396e-17	0.192123 
823	0.191353	-1.02181e-16	0.191353 
824	0.190585	1.09764e-16	0.190585 
825	0.189819	1.02433e-16	0.189819 
826	0.189056	-8.34917e-17	0.189056 
827	0.188294	-3.45935e-17	0.188294 
828	0.187535	1.52667e-17	0.187535 
829	0.186778	-3.6528e-17	0.186778 
830	0.186023	-4.75989e-17	0.186023 
831	0.18527	-6.77593e-17	0.18527 
832	0.18452	-8.05245e-17	0.18452 
833	0.183771	-1.20075e-16	0.183771 
834	0.183025	7.02672e-17	0.183025 
835	0.18228	-1.87175e-18	0.18228 
836	0.181538	-1.01801e-16	0.181538 
837	0.180798	5.99625e-17	0.180798 
838	0.18006	2.57934e-17	0.18006 
839	0.179325	6.40161e-17	0.179325 
840	0.178591	1.05291e-18	0.178591 
841	0.17786	-4.57116e-17	0.17786 
842	0.17713	5.62617e-17	0.17713 
843	0.176403	-2.33211e-17	0.176403 
844	0.175678	-9.91324e-18	0.175678 
845	0.174955	-6.53803e-18	0.174955 
846	0.174234	-8.80226e-17	0.174234 
847	0.173516	-4.12415e-18	0.173516 
848	0.172799	1.4391e-17	0.172799 
849	0.172085	1.38008e-17	0.172085 
850	0.171372	2.82887e-17	0.171372 
851	0.170662	3.49649e-17	0.170662 
852	0.169954	4.78731e-17	0.169954 
853	0.169248	-4.22552e-18	0.169248 
854	0.168544	-5.99662e-18	0.168544 
855	0.167843	-7.86136e-17	0.167843 
856	0.167143	1.31844e-17	0.167143 
857	0.166445	6.01376e-17	0.166445 
858	0.16575	1.87251e-17	0.16575 
859	0.165057	-4.44714e-17	0.165057 
860	0.164365	-1.25041e-17	0.164365 
861	0.163676	-4.26102e-17	0.163676 
862	0.162989	8.58765e-18	0.162989 
863	0.162304	2.39404e-17	0.162304 
864	0.161621	4.97416e-17	0.161621 
865	0.16094	-7.0811e-17	0.16094 
866	0.160262	1.58289e-17	0.160262 
867	0.159585	6.00179e-17	0.159585 
868	0.158911	7.79871e-17	0.158911 
869	0.158238	9.9706e-18	0.158238 
870	0.157568	-3.75768e-17	0.157568 
871	0.156899	-9.42641e-18	0.156899 
872	0.156233	2.57552e-17	0.156233 
873	0.155569	-1.37025e-18	0.155569 
874	0.154907	-2.41691e-17	0.154907 
875	0.154247	8.94156e-17	0.154247 
876	0.153589	-2.15757e-17	0.153589 
877	0.152933	2.73328e-18	0.152933 
878	0.152279	-5.45961e-17	0.152279 
879	0.151627	5.04169e-17	0.151627 
880	0.150977	-2.2806e-17	0.150977 
881	0.15033	2.47822e-19	0.15033 
882	0.149684	2.46562e-17	0.149684 
883	0.14904	-1.59641e-17	0.14904 
884	0.148399	7.29249e-18	0.148399 
885	0.147759	5.8609e-17	0.147759 
886	0.147122	-1.16587e-16	0.147122 
887	0.146486	1.1089e-17	0.146486 
888	0.145853	3.39914e-17	0.145853 
889	0.145222	1.08867e-16	0.145222 
890	0.144592	1.26469e-18	0.144592 
891	0.143965	1.66647e-18	0.143965 
892	0.14334	7.22709e-17	0.14334 
893	0.142716	-1.05275e-16	0.142716 
894	0.142095	1.56799e-17	0.142095 
895	0.141476	-8.44129e-17	0.141476 
896	0.140858	3.14416e-17	0.140858 
897	0.140243	-5.63617e-17	0.140243 
898	0.13963	1.30808e-18	0.13963 
899	0.139019	7.63229e-17	0.139019 
900	0.138409	5.38846e-17	0.138409 
901	0.137802	5.90194e-17	0.137802 
902	0.137197	-7.83448e-17	0.137197 
903	0.136594	-4.296e-17	0.136594 
904	0.135992	7.80684e-17	0.135992 
905	0.135393	-3.45267e-17	0.135393 
906	0.134796	-4.0044e-17	0.134796 
907	0.1342	3.606e-17	0.1342 
908	0.133607	-5.5103e-17	0.133607 
909	0.133016	4.74409e-17	0.133016 
910	0.132426	3.77665e-17	0.132426 
911	0.131839	-5.88633e-17	0.131839 
912	0.131253	3.70847e-18	0.131253 
913	0.13067	-3.73906e-17	0.13067 
914	0.130088	-1.44232e-17	0.130088 
915	0.129509	5.2422e-17	0.129509 
916	0.128931	6.06318e-17	0.128931 
917	0.128355	1.05463e-16	0.128355 
918	0.127782	-1.73906e-17	0.127782 
919	0.12721	1.52235e-17	0.12721 
920	0.12664	3.46014e-17	0.12664 
921	0.126072	2.46504e-17	0.126072 
922	0.125506	1.41938e-16	0.125506 
923	0.124942	-3.86646e-17	0.124942 
924	0.12438	5.3467e-17	0.12438 
925	0.12382	3.97818e-17	0.12382 
926	0.123261	4.06375e-17	0.123261 
927	0.122705	1.12273e-17	0.122705 
928	0.122151	-4.34535e-17	0.122151 
929	0.121598	7.58747e-17	0.121598 
930	0.121047	3.27039e-17	0.121047 
931	0.120499	5.05171e-17	0.120499 
932	0.119952	5.94192e-17	0.119952 
933	0.119407	-9.85273e-17	0.119407 
934	0.118864	1.81824e-17	0.118864 
935	0.118323	4.60642e-17	0.118323 
936	0.117784	-3.79672e-17	0.117784 
937	0.117246	5.53021e-17	0.117246 
938	0.116711	-8.24918e-17	0.116711 
939	0.116177	7.80329e-17	0.116177 
940	0.115645	-2.96812e-17	0.115645 
941	0.115116	4.95561e-18	0.115116 
942	0.114588	1.15776e-17	0.114588 
943	0.114061	-6.37566e-17	0.114061 
944	0.113537	4.56372e-17	0.113537 
945	0.113015	-7.3988e-17	0.113015 
946	0.112494	4.38386e-18	0.112494 
947	0.111976	4.01203e-17	0.111976 
948	0.111459	-2.43002e-17	0.111459 
949	0.110944	1.01037e-16	0.110944 
950	0.11043	8.22723e-18	0.11043 
951	0.109919	-6.40896e-17	0.109919 
952	0.10941	-2.567e-17	0.10941 
953	0.108902	-4.20175e-17	0.108902 
954	0.108396	1.10645e-16	0.108396 
955	0.107892	9.88072e-18	0.107892 
956	0.10739	6.60258e-17	0.10739 
957	0.10689	-5.20408e-17	0.10689 
958	0.106391	-1.09502e-16	0.106391 
959	0.105894	4.58698e-17	0.105894 
960	0.105399	7.12447e-17	0.105399 
961	0.104906	-2.85849e-17	0.104906 
962	0.104415	1.98198e-17	0.104415 
963	0.103925	1.03661e-17	0.103925 
964	0.103437	8.66482e-17	0.103437 
965	0.102951	6.67681e-17	0.102951 
966	0.102467	3.27354e-19	0.102467 
967	0.101985	3.36185e-17	0.101985 
968	0.101504	-2.30802e-17	0.101504 
969	0.101025	-3.30388e-18	0.101025 
970	0.100548	-5.66983e-17	0.100548 
971	0.100073	3.18158e-17	0.100073 
972	0.0995992	-2.56627e-17	0.0995992 
973	0.0991273	2.98133e-17	0.0991273 
974	0.0986573	-3.31946e-17	0.0986573 
975	0.0981889	-1.41975e-17	0.0981889 
976	0.0977223	3.7765e-17	0.0977223 
977	0.0972575	-7.73199e-17	0.0972575 
978	0.0967944	-8.12757e-17	0.0967944 
979	0.096333	8.41053e-17	0.096333 
980	0.0958734	4.67685e-17	0.0958734 
981	0.0954155	3.67719e-17	0.0954155 
982	0.0949593	1.44961e-17	0.0949593 
983	0.0945049	-1.15984e-16	0.0945049 
984	0.0940521	-2.03107e-17	0.0940521 
985	0.0936011	8.7508e-17	0.0936011 
986	0.0931518	-2.0933e-17	0.0931518 
987	0.0927041	3.79297e-17	0.0927041 
988	0.0922582	4.99595e-17	0.0922582 
989	0.091814	3.59645e-17	0.091814 
990	0.0913714	-1.79246e-17	0.0913714 
991	0.0909306	6.17495e-17	0.0909306 
992	0.0904914	3.53679e-17	0.0904914 
993	0.090054	-7.58514e-18	0.090054 
994	0.0896182	4.76269e-18	0.0896182 
995	0.089184	3.83334e-17	0.089184 
996	0.0887516	4.37113e-17	0.0887516 
997	0.0883208	9.57973e-17	0.0883208 
998	0.0878917	-1.88024e-17	0.0878917 
999	0.0874642	4.55919e-17	0.0874642 
1000	0.0870384	3.4602e-17	0.0870384 
1001	0.0866142	1.26435e-17	0.0866142 
1002	0.0861917	-3.46307e-17	0.0861917 
1003	0.0857708	1.00118e-17	0.0857708 
1004	0.0853516	5.46041e-17	0.0853516 
1005	0.084934	-3.13687e-17	0.084934 
1006	0.084518	1.58429e-17	0.084518 
1007	0.0841036	5.92362e-17	0.0841036 
1008	0.0836909	-4.36335e-17	0.0836909 
1009	0.0832798	-5.3418e-17	0.0832798 
1010	0.0828703	1.62191e-17	0.0828703 
1011	0.0824624	5.35736e-19	0.0824624 
1012	0.0820561	9.42229e-17	0.0820561 
1013	0.0816515	6.25738e-17	0.0816515 
1014	0.0812484	6.17269e-17	0.0812484 
1015	0.0808469	5.86555e-17	0.0808469 
1016	0.080447	4.67052e-17	0.080447 
1017	0.0800487	4.57017e-17	0.0800487 
1018	0.079652	-6.42779e-17	0.079652 
1019	0.0792569	8.39608e-17	0.0792569 
1020	0.0788633	6.04902e-17	0.0788633 
1021	0.0784713	6.26987e-18	0.0784713 
1022	0.0780809	9.49379e-17	0.0780809 
1023	0.077692	-1.32653e-17	0.077692 
1024	0.0773047	8.81254e-17	0.0773047 
1025	0.076919	-8.56592e-18	0.076919 
1026	0.0765348	-8.75209e-17	0.0765348 
1027	0.0761521	1.66171e-17	0.0761521 
1028	0.075771	9.95372e-18	0.075771 
1029	0.0753915	-2.77046e-17	0.0753915 
1030	0.0750134	-7.98989e-17	0.0750134 
1031	0.0746369	-5.08465e-18	0.0746369 
1032	0.074262	3.86788e-17	0.074262 
1033	0.0738885	-7.29881e-17	0.0738885 
1034	0.0735166	7.40524e-18	0.0735166 
1035	0.0731462	2.9257e-17	0.0731462 
1036	0.0727773	5.2618e-17	0.0727773 
1037	0.0724099	1.15616e-17	0.0724099 
1038	0.072044	5.06397e-17	0.072044 
1039	0.0716796	4.23703e-17	0.0716796 
1040	0.0713167	7.4287e-17	0.0713167 
1041	0.0709553	-3.67219e-17	0.0709553 
1042	0.0705953	-1.71025e-17	0.0705953 
1043	0.0702369	-4.58077e-17	0.0702369 
1044	0.0698799	1.0217e-16	0.0698799 
1045	0.0695245	2.106e-17	0.0695245 
1046	0.0691704	4.0265e-18	0.0691704 
1047	0.0688179	9.83663e-17	0.0688179 
1048	0.0684668	1.87271e-17	0.0684668 
1049	0.0681172	-1.68299e-17	0.0681172 
1050	0.067769	-2.3643e-17	0.067769 
1051	0.0674223	-1.23795e-17	0.0674223 
1052	0.067077	5.16413e-17	0.067077 
1053	0.0667332	3.38531e-18	0.0667332 
1054	0.0663908	5.67561e-17	0.0663908 
1055	0.0660498	4.23147e-18	0.0660498 
1056	0.0657103	4.59698e-17	0.0657103 
1057	0.0653722	6.11579e-17	0.0653722 
1058	0.0650355	-9.96918e-17	0.0650355 
1059	0.0647002	1.7172e-17	0.0647002 
1060	0.0643664	4.25561e-17	0.0643664 
1061	0.0640339	2.0258e-17	0.0640339 
1062	0.0637029	1.23294e-16	0.0637029 
1063	0.0633733	1.02829e-16	0.0633733 
1064	0.063045	5.10781e-18	0.063045 
1065	0.0627182	4.5098e-18	0.0627182 
1066	0.0623927	5.08803e-17	0.0623927 
1067	0.0620687	5.0786e-17	0.0620687 
1068	0.061746	-4.78601e-18	0.061746 
1069	0.0614247	-3.29278e-17	0.0614247 
1070	0.0611047	2.61609e-17	0.0611047 
1071	0.0607862	7.08288e-18	0.0607862 
1072	0.060469	1.50952e-16	0.060469 
1073	0.0601531	3.04457e-17	0.0601531 
1074	0.0598386	-6.93489e-18	0.0598386 
1075	0.0595255	-4.14177e-18	0.0595255 
1076	0.0592137	-1.23202e-17	0.0592137 
1077	0.0589033	6.41835e-17	0.0589033 
1078	0.0585942	2.3098e-17	0.0585942 
1079	0.0582865	-2.66967e-17	0.0582865 
1080	0.0579801	1.61e-17	0.0579801 
1081	0.057675	4.16036e-17	0.057675 
1082	0.0573712	8.36438e-17	0.0573712 
1083	0.0570688	-2.39699e-17	0.0570688 
1084	0.0567676	-2.02483e-17	0.0567676 
1085	0.0564678	2.94232e-17	0.0564678 
1086	0.0561693	4.87475e-17	0.0561693 
1087	0.0558721	9.72948e-17	0.0558721 
1088	0.0555762	1.23903e-16	0.0555762 
1089	0.0552816	1.04209e-17	0.0552816 
1090	0.0549883	-3.63872e-17	0.0549883 
1091	0.0546963	6.58067e-17	0.0546963 
1092	0.0544056	8.59787e-17	0.0544056 
1093	0.0541161	-2.56504e-17	0.0541161 
1094	0.0538279	-5.06125e-17	0.0538279 
1095	0.053541	-4.18805e-17	0.053541 
1096	0.0532554	6.42776e-17	0.0532554 
1097	0.052971	1.54313e-16	0.052971 
1098	0.0526879	4.30514e-17	0.0526879 
1099	0.0524061	-9.38709e-18	0.0524061 
1100	0.0521255	5.82952e-17	0.0521255 
1101	0.0518461	-2.11529e-17	0.0518461 
1102	0.051568	-2.4716e-17	0.051568 
1103	0.0512912	2.7776e-18	0.0512912 
1104	0.0510155	1.00329e-16	0.0510155 
1105	0.0507411	-2.98432e-17	0.0507411 
1106	0.050468	-5.36618e-17	0.050468 
1107	0.0501961	7.94278e-17	0.0501961 
1108	0.0499253	-2.47023e-17	0.0499253 
1109	0.0496558	1.87546e-17	0.0496558 
1110	0.0493876	-1.98946e-17	0.0493876 
1111	0.0491205	-1.65381e-17	0.0491205 
1112	0.0488546	1.60831e-16	0.0488546 
1113	0.04859	1.36374e-17	0.04859 
1114	0.0483265	-6.89135e-17	0.0483265 
1115	0.0480642	-1.37517e-17	0.0480642 
1116	0.0478031	6.32635e-17	0.0478031 
1117	0.0475432	-2.18839e-17	0.0475432 
1118	0.0472845	-8.63241e-17	0.0472845 
1119	0.047027	7.69942e-17	0.047027 
1120	0.0467706	5.7517e-17	0.0467706 
1121	0.0465154	3.58143e-17	0.0465154 
1122	0.0462614	1.0921e-16	0.0462614 
1123	0.0460085	-5.39672e-18	0.0460085 
1124	0.0457568	3.21703e-17	0.0457568 
1125	0.0455063	-4.94098e-17	0.0455063 
1126	0.0452569	-7.34926e-17	0.0452569 
1127	0.0450086	3.09707e-17	0.0450086 
1128	0.0447615	-2.11308e-18	0.0447615 
1129	0.0445156	3.49563e-18	0.0445156 
1130	0.0442707	-5.6491e-17	0.0442707 
1131	0.044027	-2.80281e-17	0.044027 
1132	0.0437844	1.18298e-16	0.0437844 
1133	0.043543	-8.74637e-17	0.043543 
1134	0.0433027	-4.9745e-18	0.0433027 
1135	0.0430635	1.09162e-18	0.0430635 
1136	0.0428254	2.63409e-17	0.0428254 
1137	0.0425884	5.43023e-17	0.0425884 
1138	0.0423525	1.79438e-17	0.0423525 
1139	0.0421177	5.99818e-18	0.0421177 
1140	0.041884	-1.15228e-17	0.041884 
1141	0.0416514	7.17278e-17	0.0416514 
1142	0.0414199	-4.02072e-17	0.0414199 
1143	0.0411895	-4.99748e-17	0.0411895 
1144	0.0409601	-2.69125e-17	0.0409601 
1145	0.0407319	-8.64492e-17	0.0407319 
1146	0.0405047	7.92878e-17	0.0405047 
1147	0.0402786	5.98477e-17	0.0402786 
1148	0.0400535	6.74725e-17	0.0400535 
1149	0.0398295	5.79132e-17	0.0398295 
1150	0.0396066	2.07394e-17	0.0396066 
1151	0.0393847	5.78959e-19	0.0393847 
1152	0.0391639	-2.2158e-18	0.0391639 
1153	0.0389441	5.2675e-17	0.0389441 
1154	0.0387254	5.41347e-17	0.0387254 
1155	0.0385077	-8.01805e-17	0.0385077 
1156	0.0382911	-6.57277e-17	0.0382911 
1157	0.0380754	6.9933e-17	0.0380754 
1158	0.0378608	-1.00913e-16	0.0378608 
1159	0.0376473	-1.42926e-17	0.0376473 
1160	0.0374347	-5.11529e-17	0.0374347 
1161	0.0372232	-1.96087e-17	0.0372232 
1162	0.0370127	5.00996e-17	0.0370127 
1163	0.0368032	-4.94241e-17	0.0368032 
1164	0.0365947	-9.91324e-18	0.0365947 
1165	0.0363872	-1.00979e-16	0.0363872 
1166	0.0361807	3.25215e-17	0.0361807 
1167	0.0359752	-5.633e-17	0.0359752 
1168	0.0357707	-5.39473e-17	0.0357707 
1169	0.0355672	-4.4567e-17	0.0355672 
1170	0.0353647	-1.34491e-16	0.0353647 
1171	0.0351632	8.86201e-18	0.0351632 
1172	0.0349626	2.17702e-17	0.0349626 
1173	0.034763	3.80099e-17	0.034763 
1174	0.0345644	-4.8232e-17	0.0345644 
1175	0.0343667	-1.10879e-16	0.0343667 
1176	0.03417	-1.13522e-16	0.03417 
1177	0.0339743	-4.04657e-17	0.0339743 
1178	0.0337795	-2.35103e-17	0.0337795 
1179	0.0335857	3.38374e-17	0.0335857 
1180	0.0333928	3.62841e-18	0.0333928 
1181	0.0332009	-6.87131e-17	0.0332009 
1182	0.0330099	4.08526e-17	0.0330099 
1183	0.0328199	-3.44275e-17	0.0328199 
1184	0.0326308	1.36682e-17	0.0326308 
1185	0.0324426	-4.47081e-17	0.0324426 
1186	0.0322553	1.58289e-17	0.0322553 
1187	0.032069	4.38855e-17	0.032069 
1188	0.0318836	-6.4837e-18	0.0318836 
1189	0.0316991	-9.06327e-17	0.0316991 
1190	0.0315155	-8.97827e-17	0.0315155 
1191	0.0313328	-9.42641e-18	0.0313328 
1192	0.0311511	-2.64506e-17	0.0311511 
1193	0.0309702	-2.36648e-17	0.0309702 
1194	0.0307903	-2.41691e-17	0.0307903 
1195	0.0306112	-4.7261e-17	0.0306112 
1196	0.030433	1.15101e-16	0.030433 
1197	0.0302558	4.49687e-17	0.0302558 
1198	0.0300794	-1.85227e-17	0.0300794 
1199	0.0299038	-3.40539e-17	0.0299038 
1200	0.0297292	-3.89385e-17	0.0297292 
1201	0.0295555	-1.58847e-17	0.0295555 
1202	0.0293826	2.46562e-17	0.0293826 
1203	0.0292106	3.62417e-17	0.0292106 
1204	0.0290394	7.29249e-18	0.0290394 
1205	0.0288691	-8.80381e-17	0.0288691 
1206	0.0286997	-6.43816e-17	0.0286997 
1207	0.0285311	3.7192e-17	0.0285311 
1208	0.0283634	-5.04794e-17	0.0283634 
1209	0.0281965	4.05286e-17	0.0281965 
1210	0.0280305	1.26469e-18	0.0280305 
1211	0.0278653	5.38723e-17	0.0278653 
1212	0.0277009	5.61384e-17	0.0277009 
1213	0.0275374	7.36374e-17	0.0275374 
1214	0.0273747	-1.11026e-16	0.0273747 
1215	0.0272129	-4.21775e-17	0.0272129 
1216	0.0270518	6.7515e-17	0.0270518 
1217	0.0268916	-2.02884e-17	0.0268916 
1218	0.0267322	2.12489e-17	0.0267322 
1219	0.0265737	2.41171e-17	0.0265737 
1220	0.0264159	-3.05862e-17	0.0264159 
1221	0.0262589	1.4349e-16	0.0262589 
1222	0.0261028	4.21993e-17	0.0261028 
1223	0.0259474	2.53783e-17	0.0259474 
1224	0.0257929	3.58331e-17	0.0257929 
1225	0.0256391	4.37821e-17	0.0256391 
1226	0.0254862	6.43676e-17	0.0254862 
1227	0.025334	-1.00617e-16	0.025334 
1228	0.0251826	8.15736e-17	0.0251826 
1229	0.025032	-4.76488e-18	0.025032 
1230	0.0248822	-8.27776e-17	0.0248822 
1231	0.0247331	-6.6575e-18	0.0247331 
1232	0.0245848	8.81793e-17	0.0245848 
1233	0.0244373	5.70506e-17	0.0244373 
1234	0.0242906	-4.66882e-17	0.0242906 
1235	0.0241446	-1.59163e-17	0.0241446 
1236	0.0239994	5.06614e-17	0.0239994 
1237	0.0238549	-5.11027e-18	0.0238549 
1238	0.0237112	-1.73906e-17	0.0237112 
1239	0.0235683	-1.05321e-16	0.0235683 
1240	0.0234261	-2.37665e-17	0.0234261 
1241	0.0232846	1.1293e-16	0.0232846 
1242	0.0231439	-8.91793e-17	0.0231439 
1243	0.0230039	4.96145e-17	0.0230039 
1244	0.0228646	2.73641e-17	0.0228646 
1245	0.0227261	-1.06865e-16	0.0227261 
1246	0.0225883	4.5642e-18	0.0225883 
1247	0.0224513	9.95065e-17	0.0224513 
1248	0.0223149	5.09877e-17	0.0223149 
1249	0.0221793	-2.47285e-17	0.0221793 
1250	0.0220444	-9.5315e-18	0.0220444 
1251	0.0219102	-7.85075e-18	0.0219102 
1252	0.0217767	1.0513e-18	0.0217767 
1253	0.0216439	1.06488e-16	0.0216439 
1254	0.0215119	-6.01264e-17	0.0215119 
1255	0.0213805	-6.14166e-18	0.0213805 
1256	0.0212498	4.26824e-18	0.0212498 
1257	0.0211199	1.59714e-16	0.0211199 
1258	0.0209906	1.19494e-17	0.0209906 
1259	0.020862	9.69456e-18	0.020862 
1260	0.0207341	1.33098e-16	0.0207341 
1261	0.0206069	7.32939e-17	0.0206069 
1262	0.0204803	5.41552e-18	0.0204803 
1263	0.0203545	3.06846e-17	0.0203545 
1264	0.0202293	-6.49365e-17	0.0202293 
1265	0.0201047	-3.17527e-17	0.0201047 
1266	0.0199809	3.04868e-17	0.0199809 
1267	0.0198577	-4.43504e-17	0.0198577 
1268	0.0197352	8.01115e-17	0.0197352 
1269	0.0196133	-9.53662e-18	0.0196133 
1270	0.0194921	-8.6214e-17	0.0194921 
1271	0.0193716	5.64545e-17	0.0193716 
1272	0.0192517	1.04845e-16	0.0192517 
1273	0.0191324	5.24238e-17	0.0191324 
1274	0.0190138	-6.8267e-17	0.0190138 
1275	0.0188959	-3.23547e-17	0.0188959 
1276	0.0187786	2.37904e-17	0.0187786 
1277	0.0186619	1.64971e-19	0.0186619 
1278	0.0185458	-5.09027e-18	0.0185458 
1279	0.0184304	-3.24389e-17	0.0184304 
1280	0.0183156	-3.74005e-17	0.0183156 
1281	0.0182015	1.67193e-17	0.0182015 
1282	0.0180879	8.62539e-17	0.0180879 
1283	0.017975	6.01967e-18	0.017975 
1284	0.0178627	-9.00199e-18	0.0178627 
1285	0.017751	8.78979e-17	0.017751 
1286	0.01764	4.25627e-17	0.01764 
1287	0.0175295	4.47536e-17	0.0175295 
1288	0.0174197	3.59143e-17	0.0174197 
1289	0.0173104	7.83123e-18	0.0173104 
1290	0.0172018	-3.91015e-18	0.0172018 
1291	0.0170937	-4.26603e-17	0.0170937 
1292	0.0169862	1.34352e-17	0.0169862 
1293	0.0168794	-2.48348e-17	0.0168794 
1294	0.0167731	-4.02278e-18	0.0167731 
1295	0.0166674	-1.41975e-17	0.0166674 
1296	0.0165623	1.35906e-17	0.0165623 
1297	0.0164578	9.71084e-17	0.0164578 
1298	0.0163539	3.23668e-17	0.0163539 
1299	0.0162505	-8.04655e-17	0.0162505 
1300	0.0161477	9.53045e-18	0.0161477 
1301	0.0160455	9.39139e-18	0.0160455 
1302	0.0159439	-7.93185e-17	0.0159439 
1303	0.0158428	-1.7265e-17	0.0158428 
1304	0.0157423	-4.76057e-18	0.0157423 
1305	0.0156423	2.91645e-17	0.0156423 
1306	0.0155429	-1.10264e-16	0.0155429 
1307	0.0154441	1.32909e-16	0.0154441 
1308	0.0153458	5.24018e-17	0.0153458 
1309	0.0152481	1.79536e-18	0.0152481 
1310	0.0151509	-1.8507e-17	0.0151509 
1311	0.0150542	4.06439e-17	0.0150542 
1312	0.0149581	-2.67641e-17	0.0149581 
1313	0.0148626	5.51292e-17	0.0148626 
1314	0.0147676	-7.34331e-17	0.0147676 
1315	0.0146731	-3.80712e-17	0.0146731 
1316	0.0145791	-2.64183e-17	0.0145791 
1317	0.0144857	-9.12805e-18	0.0144857 
1318	0.0143928	4.94673e-17	0.0143928 
1319	0.0143005	-2.88841e-17	0.0143005 
1320	0.0142086	-1.50486e-17	0.0142086 
1321	0.0141173	3.93288e-17	0.0141173 
1322	0.0140265	5.59779e-17	0.0140265 
1323	0.0139362	1.25227e-17	0.0139362 
1324	0.0138464	3.343e-17	0.0138464 
1325	0.0137572	2.57659e-17	0.0137572 
1326	0.0136684	1.44967e-17	0.0136684 
1327	0.0135802	-8.4511e-18	0.0135802 
1328	0.0134925	3.58399e-17	0.0134925 
1329	0.0134052	2.7333e-17	0.0134052 
1330	0.0133185	-4.02202e-17	0.0133185 
1331	0.0132322	-6.96625e-17	0.0132322 
1332	0.0131465	5.32208e-17	0.0131465 
1333	0.0130612	8.54949e-17	0.0130612 
1334	0.0129764	2.31427e-17	0.0129764 
1335	0.0128922	-2.33045e-17	0.0128922 
1336	0.0128084	3.49434e-17	0.0128084 
1337	0.0127251	4.32152e-17	0.0127251 
1338	0.0126422	4.44359e-17	0.0126422 
1339	0.0125599	-5.69936e-17	0.0125599 
1340	0.012478	-1.84009e-17	0.012478 
1341	0.0123966	3.73015e-17	0.0123966 
1342	0.0123156	-1.1265e-17	0.0123156 
1343	0.0122352	-5.73606e-17	0.0122352 
1344	0.0121552	-1.86599e-17	0.0121552 
1345	0.0120756	6.2146e-17	0.0120756 
1346	0.0119966	6.96346e-17	0.0119966 
1347	0.011918	8.11913e-17	0.011918 
1348	0.0118398	2.17398e-17	0.0118398 
1349	0.0117621	6.73189e-17	0.0117621 
1350	0.0116848	2.38175e-17	0.0116848 
1351	0.011608	5.32832e-17	0.011608 
1352	0.0115317	-5.75537e-17	0.0115317 
1353	0.0114558	1.00231e-16	0.0114558 
1354	0.0113803	3.78789e-17	0.0113803 
1355	0.0113053	1.3628e-18	0.0113053 
1356	0.0112307	-5.91647e-17	0.0112307 
1357	0.0111566	3.83154e-17	0.0111566 
1358	0.0110829	7.78387e-17	0.0110829 
1359	0.0110096	-8.55792e-18	0.0110096 
1360	0.0109368	1.90123e-17	0.0109368 
1361	0.0108644	9.42621e-17	0.0108644 
1362	0.0107924	2.82018e-17	0.0107924 
1363	0.0107208	6.96947e-17	0.0107208 
1364	0.0106497	-7.78141e-17	0.0106497 
1365	0.0105789	-5.5276e-17	0.0105789 
1366	0.0105086	-7.29604e-17	0.0105086 
1367	0.0104388	-9.10298e-17	0.0104388 
1368	0.0103693	7.39575e-17	0.0103693 
1369	0.0103002	8.19135e-17	0.0103002 
1370	0.0102316	-1.42797e-16	0.0102316 
1371	0.0101633	1.09912e-16	0.0101633 
1372	0.0100955	6.21497e-17	0.0100955 
1373	0.0100281	6.98194e-17	0.0100281 
1374	0.00996106	-6.68126e-17	0.00996106 
1375	0.00989443	2.65703e-17	0.00989443 
1376	0.00982819	-6.236e-18	0.00982819 
1377	0.00976236	-4.74873e-17	0.00976236 
1378	0.00969692	4.626e-17	0.00969692 
1379	0.00963187	-5.41666e-17	0.00963187 
1380	0.00956721	7.42387e-17	0.00956721 
1381	0.00950293	-2.31864e-17	0.00950293 
1382	0.00943905	4.09647e-18	0.00943905 
1383	0.00937554	-1.15084e-17	0.00937554 
1384	0.00931242	-3.39901e-17	0.00931242 
1385	0.00924968	9.26318e-17	0.00924968 
1386	0.00918731	1.15455e-16	0.00918731 
1387	0.00912533	6.0641e-18	0.00912533 
1388	0.00906371	1.4419e-16	0.00906371 
1389	0.00900247	-2.05151e-17	0.00900247 
1390	0.0089416	3.60871e-17	0.0089416 
1391	0.00888109	-4.74966e-17	0.00888109 
1392	0.00882096	-4.9014e-18	0.00882096 
1393	0.00876118	3.10281e-17	0.00876118 
1394	0.00870177	-8.14385e-18	0.00870177 
1395	0.00864272	-5.25835e-17	0.00864272 
1396	0.00858403	2.25685e-17	0.00858403 
1397	0.0085257	9.52395e-17	0.0085257 
1398	0.00846772	1.62651e-17	0.00846772 
1399	0.00841009	2.1745e-17	0.00841009 
1400	0.00835282	-4.91008e-17	0.00835282 
1401	0.00829589	1.87903e-18	0.00829589 
1402	0.00823932	-2.6279e-17	0.00823932 
1403	0.00818309	1.20591e-17	0.00818309 
1404	0.0081272	-8.23116e-17	0.0081272 
1405	0.00807165	3.4352e-17	0.00807165 
1406	0.00801645	-4.7485e-17	0.00801645 
1407	0.00796158	6.06391e-17	0.00796158 
1408	0.00790705	9.27588e-17	0.00790705 
1409	0.00785286	1.20813e-16	0.00785286 
1410	0.007799	4.30863e-17	0.007799 
1411	0.00774547	1.05556e-16	0.00774547 
1412	0.00769227	2.81488e-17	0.00769227 
1413	0.0076394	1.27159e-16	0.0076394 
1414	0.00758686	-9.61836e-19	0.00758686 
1415	0.00753464	-3.31876e-17	0.00753464 
1416	0.00748274	-4.80874e-17	0.00748274 
1417	0.00743116	-2.81867e-18	0.00743116 
1418	0.00737991	1.45446e-16	0.00737991 
1419	0.00732897	-2.17998e-17	0.00732897 
1420	0.00727835	-1.12521e-17	0.00727835 
1421	0.00722804	6.03587e-19	0.00722804 
1422	0.00717804	9.44377e-17	0.00717804 
1423	0.00712836	8.34843e-17	0.00712836 
1424	0.00707898	-4.86913e-17	0.00707898 
1425	0.00702992	5.02125e-17	0.00702992 
1426	0.00698115	4.00842e-17	0.00698115 
1427	0.0069327	-2.42886e-17	0.0069327 
1428	0.00688454	6.16284e-17	0.00688454 
1429	0.00683669	-4.01713e-17	0.00683669 
1430	0.00678914	-6.40585e-17	0.00678914 
1431	0.00674188	1.44936e-17	0.00674188 
1432	0.00669492	4.72131e-17	0.00669492 
1433	0.00664825	1.64474e-16	0.00664825 
1434	0.00660188	-7.13557e-17	0.00660188 
1435	0.0065558	7.56478e-17	0.0065558 
1436	0.00651001	8.43247e-17	0.00651001 
1437	0.00646451	-3.92253e-17	0.00646451 
1438	0.00641929	5.03525e-17	0.00641929 
1439	0.00637436	-2.97911e-17	0.00637436 
1440	0.00632972	-3.13002e-17	0.00632972 
1441	0.00628535	7.67721e-17	0.00628535 
1442	0.00624127	2.97613e-17	0.00624127 
1443	0.00619746	4.4254e-17	0.00619746 
1444	0.00615393	2.35461e-17	0.00615393 
1445	0.00611068	4.86827e-17	0.00611068 
1446	0.0060677	-1.63581e-17	0.0060677 
1447	0.006025	-5.68498e-18	0.006025 
1448	0.00598256	4.82572e-17	0.00598256 
1449	0.0059404	5.56572e-17	0.0059404 
1450	0.0058985	1.98449e-17	0.0058985 
1451	0.00585687	1.42073e-17	0.00585687 
1452	0.00581551	2.75113e-18	0.00581551 
1453	0.00577441	5.22818e-17	0.00577441 
1454	0.00573358	1.73643e-17	0.00573358 
1455	0.005693	8.42848e-17	0.005693 
1456	0.00565268	-2.21008e-17	0.00565268 
1457	0.00561262	5.05382e-17	0.00561262 
1458	0.00557282	6.19705e-17	0.00557282 
1459	0.00553328	-4.43035e-17	0.00553328 
1460	0.00549398	-2.24762e-18	0.00549398 
1461	0.00545494	9.59265e-17	0.00545494 
1462	0.00541615	-3.27919e-17	0.00541615 
1463	0.00537762	1.08903e-16	0.00537762 
1464	0.00533932	-1.19447e-17	0.00533932 
1465	0.00530128	-6.89949e-17	0.00530128 
1466	0.00526348	6.61799e-17	0.00526348 
1467	0.00522592	-1.63334e-18	0.00522592 
1468	0.00518861	7.73986e-17	0.00518861 
1469	0.00515154	1.50512e-17	0.00515154 
1470	0.00511471	5.04935e-17	0.00511471 
1471	0.00507812	1.17141e-17	0.00507812 
1472	0.00504176	7.16336e-17	0.00504176 
1473	0.00500564	1.02281e-16	0.00500564 
1474	0.00496975	9.4814e-18	0.00496975 
1475	0.0049341	-7.95539e-17	0.0049341 
1476	0.00489868	6.09098e-17	0.00489868 
1477	0.00486349	4.57586e-17	0.00486349 
1478	0.00482853	3.26264e-17	0.00482853 
1479	0.0047938	-1.06761e-16	0.0047938 
1480	0.00475929	-1.14284e-17	0.00475929 
1481	0.00472501	3.19019e-17	0.00472501 
1482	0.00469095	8.05733e-17	0.00469095 
1483	0.00465712	3.56047e-17	0.00465712 
1484	0.00462351	4.59438e-17	0.00462351 
1485	0.00459012	-3.32919e-17	0.00459012 
1486	0.00455694	9.08208e-17	0.00455694 
1487	0.00452399	-3.52244e-17	0.00452399 
1488	0.00449125	2.18063e-17	0.00449125 
1489	0.00445872	5.04565e-17	0.00445872 
1490	0.00442641	-9.66891e-18	0.00442641 
1491	0.00439431	1.32084e-17	0.00439431 
1492	0.00436243	-5.45657e-17	0.00436243 
1493	0.00433075	5.34914e-17	0.00433075 
1494	0.00429928	4.55614e-18	0.00429928 
1495	0.00426803	1.59782e-16	0.00426803 
1496	0.00423697	2.00173e-17	0.00423697 
1497	0.00420613	3.90764e-17	0.00420613 
1498	0.00417548	3.54842e-17	0.00417548 
1499	0.00414504	9.52741e-17	0.00414504 
1500	0.0041148	-2.61943e-17	0.0041148 
1501	0.00408477	-5.1954e-17	0.00408477 
1502	0.00405493	-6.84435e-17	0.00405493 
1503	0.00402529	3.57707e-17	0.00402529 
1504	0.00399585	-8.19377e-17	0.00399585 
1505	0.0039666	5.64532e-17	0.0039666 
1506	0.00393755	3.41618e-18	0.00393755 
1507	0.00390869	3.02638e-17	0.00390869 
1508	0.00388002	1.22039e-17	0.00388002 
1509	0.00385155	6.95917e-17	0.00385155 
1510	0.00382327	-3.14391e-17	0.00382327 
1511	0.00379517	5.88433e-17	0.00379517 
1512	0.00376726	-4.87894e-17	0.00376726 
1513	0.00373954	1.11108e-16	0.00373954 
1514	0.00371201	1.30689e-17	0.00371201 
1515	0.00368466	-3.22932e-17	0.00368466 
1516	0.0036575	4.42761e-17	0.0036575 
1517	0.00363051	-6.36765e-17	0.00363051 
1518	0.00360371	8.94958e-17	0.00360371 
1519	0.00357709	1.56654e-17	0.00357709 
1520	0.00355065	5.91539e-17	0.00355065 
1521	0.00352439	2.01444e-17	0.00352439 
1522	0.0034983	-1.25818e-17	0.0034983 
1523	0.00347239	4.61679e-17	0.00347239 
1524	0.00344665	3.83242e-17	0.00344665 
1525	0.00342109	-8.61339e-17	0.00342109 
1526	0.0033957	4.48459e-17	0.0033957 
1527	0.00337049	6.38772e-17	0.00337049 
1528	0.00334544	-7.60105e-19	0.00334544 
1529	0.00332057	-5.74952e-17	0.00332057 
1530	0.00329586	4.4709e-17	0.00329586 
1531	0.00327132	3.27668e-17	0.00327132 
1532	0.00324695	2.38978e-17	0.00324695 
1533	0.00322274	2.45004e-17	0.00322274 
1534	0.0031987	4.11319e-17	0.0031987 
1535	0.00317483	6.63991e-17	0.00317483 
1536	0.00315111	9.48512e-17	0.00315111 
1537	0.00312756	1.12556e-16	0.00312756 
1538	0.00310417	1.21852e-16	0.00310417 
1539	0.00308094	-4.78724e-17	0.00308094 
1540	0.00305786	8.74028e-17	0.00305786 
1541	0.00303495	-4.27685e-17	0.00303495 
1542	0.00301219	2.60225e-17	0.00301219 
1543	0.00298959	3.0307e-17	0.00298959 
1544	0.00296714	-4.47382e-18	0.00296714 
1545	0.00294485	1.17631e-16	0.00294485 
1546	0.00292271	9.66326e-17	0.00292271 
1547	0.00290072	1.98589e-17	0.00290072 
1548	0.00287889	4.54246e-18	0.00287889 
1549	0.0028572	-3.95164e-17	0.0028572 
1550	0.00283567	-5.41881e-17	0.00283567 
1551	0.00281428	5.29193e-17	0.00281428 
1552	0.00279304	7.42828e-18	0.00279304 
1553	0.00277195	2.66013e-17	0.00277195 
1554	0.002751	8.12269e-17	0.002751 
1555	0.0027302	4.74247e-17	0.0027302 
1556	0.00270954	-3.68783e-17	0.00270954 
1557	0.00268902	-1.31079e-17	0.00268902 
1558	0.00266865	1.22843e-18	0.00266865 
1559	0.00264842	-2.25518e-18	0.00264842 
1560	0.00262833	3.40191e-17	0.00262833 
1561	0.00260838	1.25367e-16	0.00260838 
1562	0.00258857	-6.52417e-18	0.00258857 
1563	0.00256889	1.17909e-16	0.00256889 
1564	0.00254936	-1.79401e-17	0.00254936 
1565	0.00252996	-5.53104e-17	0.00252996 
1566	0.00251069	-7.24227e-17	0.00251069 
1567	0.00249156	9.33245e-17	0.00249156 
1568	0.00247256	6.39827e-17	0.00247256 
1569	0.0024537	4.24008e-17	0.0024537 
1570	0.00243497	4.9463e-17	0.00243497 
1571	0.00241637	1.89031e-17	0.00241637 
1572	0.00239789	2.15988e-17	0.00239789 
1573	0.00237955	-2.85284e-18	0.00237955 
1574	0.00236134	-9.84906e-18	0.00236134 
1575	0.00234326	2.11702e-17	0.00234326 
1576	0.0023253	1.13077e-18	0.0023253 
1577	0.00230747	1.17503e-16	0.00230747 
1578	0.00228976	8.08015e-17	0.00228976 
1579	0.00227218	-1.38532e-17	0.00227218 
1580	0.00225473	4.55144e-17	0.00225473 
1581	0.00223739	-4.5904e-17	0.00223739 
1582	0.00222018	7.93335e-17	0.00222018 
1583	0.00220309	4.9886e-17	0.00220309 
1584	0.00218612	3.25736e-17	0.00218612 
1585	0.00216928	1.47606e-17	0.00216928 
1586	0.00215255	6.95847e-17	0.00215255 
1587	0.00213594	4.88132e-17	0.00213594 
1588	0.00211944	1.0617e-16	0.00211944 
1589	0.00210307	-2.37406e-17	0.00210307 
1590	0.00208681	9.23747e-20	0.00208681 
1591	0.00207067	1.33373e-16	0.00207067 
1592	0.00205464	1.26557e-16	0.00205464 
1593	0.00203872	5.30061e-17	0.00203872 
1594	0.00202292	2.43143e-17	0.00202292 
1595	0.00200723	5.76715e-17	0.00200723 
1596	0.00199166	-5.37545e-17	0.00199166 
1597	0.00197619	4.11228e-17	0.00197619 
1598	0.00196084	8.92381e-17	0.00196084 
1599	0.00194559	1.78384e-17	0.00194559 

