0	10.052	0	10.052 
1	10.0559	2.40336e-14	10.0559 
2	10.0678	-1.41254e-13	10.0678 
3	10.0877	1.52889e-13	10.0877 
4	10.1157	3.52118e-14	10.1157 
5	10.1518	-2.42026e-13	10.1518 
6	10.1964	2.59773e-13	10.1964 
7	10.2496	-1.5257e-13	10.2496 
8	10.3116	5.35484e-14	10.3116 
9	10.3828	4.45002e-13	10.3828 
10	10.4636	-4.66108e-13	10.4636 
11	10.5543	2.84797e-13	10.5543 
12	10.6555	1.4332e-13	10.6555 
13	10.7677	-1.69989e-12	10.7677 
14	10.8916	-1.66892e-12	10.8916 
15	11.0279	1.07778e-13	11.0279 
16	11.1773	1.23346e-13	11.1773 
17	11.3409	-2.50996e-13	11.3409 
18	11.5197	1.46141e-13	11.5197 
19	11.715	-1.04558e-13	11.715 
20	11.9281	-1.08903e-13	11.9281 
21	12.1606	-9.13202e-16	12.1606 
22	12.4143	-1.19035e-13	12.4143 
23	12.6914	-1.44579e-14	12.6914 
24	12.9944	3.83939e-14	12.9944 
25	13.3259	3.52746e-14	13.3259 
26	13.6894	4.59828e-14	13.6894 
27	14.0888	2.68956e-15	14.0888 
28	14.5285	2.14373e-14	14.5285 
29	15.0141	-5.9533e-14	15.0141 
30	15.5521	-7.98055e-14	15.5521 
31	16.1503	2.55934e-14	16.1503 
32	16.8183	-1.37196e-13	16.8183 
33	17.5679	-6.89059e-14	17.5679 
34	18.4137	3.18716e-14	18.4137 
35	19.3741	-1.68243e-13	19.3741 
36	20.4727	8.45541e-15	20.4727 
37	21.74	-1.39303e-13	21.74 
38	23.2161	-1.37507e-13	23.2161 
39	24.9554	-2.93349e-14	24.9554 
40	27.0329	-1.05562e-13	27.0329 
41	29.555	-4.70484e-14	29.555 
42	32.6784	-1.42172e-13	32.6784 
43	36.6434	-2.43863e-13	36.6434 
44	41.8382	-1.71095e-13	41.8382 
45	48.933	-3.36978e-13	48.933 
46	59.1941	-3.85672e-13	59.1941 
47	75.3352	-3.69285e-13	75.3352 
48	104.411	-6.30274e-13	104.411 
49	172.291	-1.0669e-12	172.291 
50	511.796	-3.1057e-12	511.796 
51	-506.82	3.1404e-12	506.82 
52	-167.314	1.07571e-12	167.314 
53	-99.4319	6.45237e-13	99.4319 
54	-70.3529	4.15259e-13	70.3529 
55	-54.2079	3.86832e-13	54.2079 
56	-43.9417	4.41389e-13	43.9417 
57	-36.8409	2.39805e-13	36.8409 
58	-31.6392	3.10299e-13	31.6392 
59	-27.6662	1.09632e-13	27.6662 
60	-24.5337	1.96325e-13	24.5337 
61	-22.0015	1.59067e-14	22.0015 
62	-19.9129	5.98467e-14	19.9129 
63	-18.1614	2.69926e-13	18.1614 
64	-16.672	1.13239e-14	16.672 
65	-15.3904	7.12894e-14	15.3904 
66	-14.2763	3.86025e-13	14.2763 
67	-13.2992	-1.08985e-13	13.2992 
68	-12.4356	1.20757e-13	12.4356 
69	-11.667	3.01216e-13	11.667 
70	-10.9788	-2.06896e-13	10.9788 
71	-10.3592	1.76248e-13	10.3592 
72	-9.79854	1.53501e-13	9.79854 
73	-9.28897	-4.66159e-13	9.28897 
74	-8.82393	3.00201e-14	8.82393 
75	-8.39794	5.68075e-15	8.39794 
76	-8.00639	-4.71883e-13	8.00639 
77	-7.64534	1.03984e-12	7.64534 
78	-7.31146	1.17343e-12	7.31146 
79	-7.00186	-1.68885e-14	7.00186 
80	-6.71405	8.01658e-14	6.71405 
81	-6.44587	2.2163e-13	6.44587 
82	-6.19544	-5.8692e-14	6.19544 
83	-5.9611	3.07022e-13	5.9611 
84	-5.74139	1.55035e-13	5.74139 
85	-5.53504	6.3827e-15	5.53504 
86	-5.34089	3.02351e-14	5.34089 
87	-5.15794	1.01542e-13	5.15794 
88	-4.98527	1.95039e-14	4.98527 
89	-4.82208	1.07437e-13	4.82208 
90	-4.66762	4.90604e-14	4.66762 
91	-4.52126	1.46966e-13	4.52126 
92	-4.38238	1.00153e-13	4.38238 
93	-4.25046	3.08303e-14	4.25046 
94	-4.12501	1.88319e-13	4.12501 
95	-4.00557	4.01064e-14	4.00557 
96	-3.89176	1.67821e-13	3.89176 
97	-3.78319	9.71491e-14	3.78319 
98	-3.67953	9.38784e-14	3.67953 
99	-3.58047	2.20199e-13	3.58047 
100	-3.48572	4.77618e-14	3.48572 
101	-3.39502	-5.61494e-14	3.39502 
102	-3.30814	-2.56793e-13	3.30814 
103	-3.22484	-1.25808e-13	3.22484 
104	-3.14492	6.31151e-15	3.14492 
105	-3.06819	3.83365e-14	3.06819 
106	-2.99447	-1.08232e-13	2.99447 
107	-2.9236	1.63882e-13	2.9236 
108	-2.85542	-5.993e-14	2.85542 
109	-2.7898	-6.13804e-14	2.7898 
110	-2.72659	4.01609e-13	2.72659 
111	-2.66568	-3.29139e-13	2.66568 
112	-2.60695	3.11225e-13	2.60695 
113	-2.55029	5.91257e-14	2.55029 
114	-2.4956	-1.70287e-12	2.4956 
115	-2.44279	-1.62964e-12	2.44279 
116	-2.39176	1.21548e-13	2.39176 
117	-2.34243	2.45565e-13	2.34243 
118	-2.29473	-2.51178e-13	2.29473 
119	-2.24858	2.18467e-13	2.24858 
120	-2.20391	-3.96458e-14	2.20391 
121	-2.16065	-1.71164e-13	2.16065 
122	-2.11875	1.88439e-13	2.11875 
123	-2.07814	-3.63596e-14	2.07814 
124	-2.03877	6.50133e-14	2.03877 
125	-2.00058	2.34218e-13	2.00058 
126	-1.96354	-1.41092e-13	1.96354 
127	-1.92759	-3.57536e-14	1.92759 
128	-1.89268	-9.39329e-15	1.89268 
129	-1.85877	-4.52626e-14	1.85877 
130	-1.82584	-3.18571e-15	1.82584 
131	-1.79383	3.10487e-14	1.79383 
132	-1.76271	2.80764e-14	1.76271 
133	-1.73245	-8.04194e-14	1.73245 
134	-1.70301	6.82238e-14	1.70301 
135	-1.67436	1.49627e-13	1.67436 
136	-1.64649	-3.42055e-14	1.64649 
137	-1.61934	2.36085e-13	1.61934 
138	-1.59291	-2.11583e-13	1.59291 
139	-1.56716	2.93157e-13	1.56716 
140	-1.54207	-1.14819e-13	1.54207 
141	-1.51762	-3.47549e-13	1.51762 
142	-1.49379	-5.17321e-13	1.49379 
143	-1.47054	1.29693e-13	1.47054 
144	-1.44787	4.80689e-14	1.44787 
145	-1.42576	-1.03279e-13	1.42576 
146	-1.40418	1.11055e-13	1.40418 
147	-1.38312	-1.86802e-14	1.38312 
148	-1.36255	-1.79043e-15	1.36255 
149	-1.34248	3.65034e-14	1.34248 
150	-1.32287	-1.02339e-13	1.32287 
151	-1.30371	1.08511e-13	1.30371 
152	-1.285	5.19696e-14	1.285 
153	-1.26671	-4.03702e-14	1.26671 
154	-1.24883	2.9231e-14	1.24883 
155	-1.23136	1.90989e-14	1.23136 
156	-1.21427	-3.92539e-14	1.21427 
157	-1.19756	1.73156e-13	1.19756 
158	-1.18121	7.81365e-15	1.18121 
159	-1.16521	-2.45675e-14	1.16521 
160	-1.14956	-5.56503e-14	1.14956 
161	-1.13424	1.2839e-13	1.13424 
162	-1.11925	6.68825e-14	1.11925 
163	-1.10457	2.80014e-13	1.10457 
164	-1.0902	1.75992e-13	1.0902 
165	-1.07612	-4.28798e-14	1.07612 
166	-1.06233	-1.61191e-14	1.06233 
167	-1.04882	2.31761e-13	1.04882 
168	-1.03559	-1.30134e-13	1.03559 
169	-1.02262	5.77453e-14	1.02262 
170	-1.00991	2.35263e-13	1.00991 
171	-0.997444	-1.53244e-13	0.997444 
172	-0.985227	6.70006e-15	0.985227 
173	-0.973247	1.28387e-13	0.973247 
174	-0.9615	-4.3434e-13	0.9615 
175	-0.949977	9.96327e-14	0.949977 
176	-0.938675	1.5601e-13	0.938675 
177	-0.927586	-3.77245e-13	0.927586 
178	-0.916706	9.57395e-13	0.916706 
179	-0.906028	1.21991e-12	0.906028 
180	-0.895549	-6.98186e-14	0.895549 
181	-0.885263	-2.05278e-14	0.885263 
182	-0.875164	1.95691e-13	0.875164 
183	-0.86525	-5.4829e-14	0.86525 
184	-0.855514	2.5221e-13	0.855514 
185	-0.845953	2.01949e-13	0.845953 
186	-0.836562	-1.58307e-13	0.836562 
187	-0.827338	1.05914e-13	0.827338 
188	-0.818276	1.38633e-13	0.818276 
189	-0.809373	-7.63567e-14	0.809373 
190	-0.800624	9.5394e-14	0.800624 
191	-0.792026	-1.24744e-14	0.792026 
192	-0.783575	5.791e-14	0.783575 
193	-0.775269	1.53525e-13	0.775269 
194	-0.767104	6.18273e-14	0.767104 
195	-0.759076	1.84058e-13	0.759076 
196	-0.751183	1.13318e-13	0.751183 
197	-0.743421	-1.73218e-14	0.743421 
198	-0.735787	2.53129e-13	0.735787 
199	-0.728279	-3.21077e-14	0.728279 
200	-0.720894	1.51188e-13	0.720894 
201	-0.713629	1.3322e-13	0.713629 
202	-0.706481	-1.18954e-13	0.706481 
203	-0.699449	-4.83097e-13	0.699449 
204	-0.692528	-1.77622e-13	0.692528 
205	-0.685718	3.0533e-13	0.685718 
206	-0.679015	5.90146e-13	0.679015 
207	-0.672418	-1.00904e-13	0.672418 
208	-0.665924	-2.52301e-13	0.665924 
209	-0.659531	2.09747e-13	0.659531 
210	-0.653236	-2.67035e-14	0.653236 
211	-0.647038	-3.66882e-14	0.647038 
212	-0.640935	1.49204e-13	0.640935 
213	-0.634925	1.22457e-13	0.634925 
214	-0.629006	-1.09804e-13	0.629006 
215	-0.623176	-1.79584e-13	0.623176 
216	-0.617433	1.24228e-13	0.617433 
217	-0.611775	3.59871e-14	0.611775 
218	-0.606202	1.15533e-13	0.606202 
219	-0.60071	1.13478e-13	0.60071 
220	-0.595299	-1.00452e-13	0.595299 
221	-0.589967	-2.61621e-15	0.589967 
222	-0.584713	1.05436e-13	0.584713 
223	-0.579534	4.6989e-13	0.579534 
224	-0.574429	2.22353e-13	0.574429 
225	-0.569398	-1.80527e-13	0.569398 
226	-0.564438	-9.25114e-13	0.564438 
227	-0.559548	-1.45175e-12	0.559548 
228	-0.554727	-9.79042e-13	0.554727 
229	-0.549974	-2.62116e-13	0.549974 
230	-0.545287	9.46855e-14	0.545287 
231	-0.540665	5.51661e-14	0.540665 
232	-0.536107	-5.00756e-14	0.536107 
233	-0.531611	-2.4441e-13	0.531611 
234	-0.527178	-1.89833e-13	0.527178 
235	-0.522804	1.12983e-13	0.522804 
236	-0.51849	1.59543e-13	0.51849 
237	-0.514233	-8.20285e-14	0.514233 
238	-0.510034	3.20869e-14	0.510034 
239	-0.505892	-3.06294e-13	0.505892 
240	-0.501804	1.65047e-13	0.501804 
241	-0.49777	-8.6642e-14	0.49777 
242	-0.49379	-4.34546e-13	0.49379 
243	-0.489861	-7.56307e-13	0.489861 
244	-0.485984	7.73826e-14	0.485984 
245	-0.482158	5.94351e-14	0.482158 
246	-0.478381	-1.00403e-13	0.478381 
247	-0.474653	1.48182e-13	0.474653 
248	-0.470972	-2.49272e-13	0.470972 
249	-0.467339	-5.93108e-14	0.467339 
250	-0.463752	1.56347e-13	0.463752 
251	-0.46021	2.10747e-13	0.46021 
252	-0.456713	-2.32643e-14	0.456713 
253	-0.45326	3.47963e-13	0.45326 
254	-0.44985	-1.76073e-13	0.44985 
255	-0.446482	-4.30921e-14	0.446482 
256	-0.443157	1.58766e-14	0.443157 
257	-0.439872	9.12006e-15	0.439872 
258	-0.436628	-9.30178e-15	0.436628 
259	-0.433423	-6.82747e-14	0.433423 
260	-0.430258	-9.59912e-14	0.430258 
261	-0.427131	3.02793e-14	0.427131 
262	-0.424041	1.0572e-13	0.424041 
263	-0.420989	1.67055e-13	0.420989 
264	-0.417974	3.34578e-13	0.417974 
265	-0.414994	-3.27203e-14	0.414994 
266	-0.412051	-1.63044e-14	0.412051 
267	-0.409142	5.83487e-14	0.409142 
268	-0.406267	1.82513e-13	0.406267 
269	-0.403426	-4.26925e-13	0.403426 
270	-0.400618	-3.12629e-13	0.400618 
271	-0.397843	1.11248e-13	0.397843 
272	-0.395101	2.00921e-13	0.395101 
273	-0.39239	-1.86388e-13	0.39239 
274	-0.38971	-3.88247e-14	0.38971 
275	-0.387062	2.74594e-14	0.387062 
276	-0.384443	8.54206e-14	0.384443 
277	-0.381854	2.10701e-13	0.381854 
278	-0.379295	1.29783e-14	0.379295 
279	-0.376765	-9.71139e-14	0.376765 
280	-0.374263	3.61446e-14	0.374263 
281	-0.371789	2.69741e-15	0.371789 
282	-0.369343	7.02091e-14	0.369343 
283	-0.366924	-3.77745e-14	0.366924 
284	-0.364533	4.65597e-14	0.364533 
285	-0.362167	-7.74445e-14	0.362167 
286	-0.359828	4.80216e-14	0.359828 
287	-0.357514	3.78578e-14	0.357514 
288	-0.355226	1.22223e-13	0.355226 
289	-0.352962	-1.3731e-13	0.352962 
290	-0.350724	-2.77392e-13	0.350724 
291	-0.348509	-4.07348e-13	0.348509 
292	-0.346318	-1.81447e-13	0.346318 
293	-0.344151	-2.9379e-14	0.344151 
294	-0.342007	7.23581e-14	0.342007 
295	-0.339886	3.42641e-14	0.339886 
296	-0.337788	5.9833e-14	0.337788 
297	-0.335712	1.73666e-14	0.335712 
298	-0.333658	-6.96255e-14	0.333658 
299	-0.331625	1.52813e-13	0.331625 
300	-0.329614	-1.09851e-13	0.329614 
301	-0.327624	6.33279e-14	0.327624 
302	-0.325654	4.08296e-14	0.325654 
303	-0.323705	-1.87445e-14	0.323705 
304	-0.321776	-2.1674e-13	0.321776 
305	-0.319867	-3.15114e-14	0.319867 
306	-0.317978	3.85729e-13	0.317978 
307	-0.316108	6.69619e-13	0.316108 
308	-0.314257	-1.67195e-13	0.314257 
309	-0.312425	-1.25727e-13	0.312425 
310	-0.310612	2.00915e-13	0.310612 
311	-0.308816	-9.34695e-14	0.308816 
312	-0.30704	2.33782e-13	0.30704 
313	-0.30528	8.8966e-14	0.30528 
314	-0.303539	1.11375e-13	0.303539 
315	-0.301815	-1.67583e-13	0.301815 
316	-0.300108	-3.98011e-14	0.300108 
317	-0.298418	-7.60315e-14	0.298418 
318	-0.296745	7.3204e-14	0.296745 
319	-0.295088	8.07284e-14	0.295088 
320	-0.293447	3.65509e-14	0.293447 
321	-0.291823	-1.09329e-13	0.291823 
322	-0.290215	-1.98787e-14	0.290215 
323	-0.288622	1.46813e-13	0.288622 
324	-0.287044	3.82424e-13	0.287044 
325	-0.285482	2.92228e-13	0.285482 
326	-0.283935	-2.42934e-13	0.283935 
327	-0.282403	-1.14996e-12	0.282403 
328	-0.280886	-1.27177e-12	0.280886 
329	-0.279383	-9.50022e-13	0.279383 
330	-0.277894	-2.33114e-13	0.277894 
331	-0.27642	5.06987e-14	0.27642 
332	-0.274959	-6.26518e-15	0.274959 
333	-0.273512	2.34991e-13	0.273512 
334	-0.272079	2.09819e-14	0.272079 
335	-0.27066	-2.37449e-13	0.27066 
336	-0.269254	2.9101e-14	0.269254 
337	-0.267861	1.51307e-13	0.267861 
338	-0.26648	5.86496e-14	0.26648 
339	-0.265113	-1.19301e-13	0.265113 
340	-0.263758	-2.40255e-14	0.263758 
341	-0.262416	-1.10558e-13	0.262416 
342	-0.261087	8.80817e-14	0.261087 
343	-0.259769	-4.98864e-14	0.259769 
344	-0.258464	-2.56455e-13	0.258464 
345	-0.25717	5.47484e-15	0.25717 
346	-0.255888	-4.32984e-15	0.255888 
347	-0.254618	3.22362e-14	0.254618 
348	-0.25336	7.09078e-14	0.25336 
349	-0.252112	-2.35411e-13	0.252112 
350	-0.250876	7.45383e-14	0.250876 
351	-0.249651	1.13042e-13	0.249651 
352	-0.248438	3.27413e-13	0.248438 
353	-0.247235	3.37765e-14	0.247235 
354	-0.246042	4.03773e-13	0.246042 
355	-0.24486	-1.91746e-14	0.24486 
356	-0.243689	4.45156e-14	0.243689 
357	-0.242528	-3.66663e-14	0.242528 
358	-0.241378	1.0508e-14	0.241378 
359	-0.240237	-9.84543e-14	0.240237 
360	-0.239107	-1.557e-13	0.239107 
361	-0.237986	-2.0731e-14	0.237986 
362	-0.236875	1.72479e-14	0.236875 
363	-0.235774	7.96068e-15	0.235774 
364	-0.234682	3.203e-14	0.234682 
365	-0.2336	4.37404e-14	0.2336 
366	-0.232528	-5.12622e-14	0.232528 
367	-0.231464	-1.47748e-13	0.231464 
368	-0.23041	2.01604e-14	0.23041 
369	-0.229364	-1.99896e-14	0.229364 
370	-0.228328	-4.87005e-13	0.228328 
371	-0.2273	-4.70486e-13	0.2273 
372	-0.226282	-5.17733e-14	0.226282 
373	-0.225271	4.34222e-14	0.225271 
374	-0.22427	-1.22051e-13	0.22427 
375	-0.223277	-1.08733e-13	0.223277 
376	-0.222292	-2.5028e-13	0.222292 
377	-0.221316	-4.55405e-13	0.221316 
378	-0.220347	3.46047e-13	0.220347 
379	-0.219387	3.29054e-13	0.219387 
380	-0.218435	-1.21747e-14	0.218435 
381	-0.217491	1.12408e-13	0.217491 
382	-0.216555	5.23922e-14	0.216555 
383	-0.215626	9.89966e-14	0.215626 
384	-0.214705	2.73284e-14	0.214705 
385	-0.213792	1.0607e-14	0.213792 
386	-0.212886	-8.1943e-14	0.212886 
387	-0.211988	-5.20666e-15	0.211988 
388	-0.211097	1.30605e-13	0.211097 
389	-0.210214	1.39528e-13	0.210214 
390	-0.209337	1.05783e-14	0.209337 
391	-0.208468	-3.08682e-13	0.208468 
392	-0.207606	-2.79666e-13	0.207606 
393	-0.206751	-8.10517e-14	0.206751 
394	-0.205902	-2.82237e-13	0.205902 
395	-0.205061	1.20904e-13	0.205061 
396	-0.204226	4.58087e-14	0.204226 
397	-0.203398	-2.61914e-13	0.203398 
398	-0.202577	-3.55937e-13	0.202577 
399	-0.201763	2.12719e-14	0.201763 
400	-0.200954	-3.49195e-15	0.200954 
401	-0.200153	-1.0278e-13	0.200153 
402	-0.199357	6.01758e-14	0.199357 
403	-0.198568	-1.9249e-15	0.198568 
404	-0.197786	-3.6215e-14	0.197786 
405	-0.197009	1.88616e-13	0.197009 
406	-0.196239	4.10217e-14	0.196239 
407	-0.195474	-5.8536e-14	0.195474 
408	-0.194716	5.98033e-14	0.194716 
409	-0.193964	-7.13312e-14	0.193964 
410	-0.193217	1.54708e-13	0.193217 
411	-0.192476	2.7416e-14	0.192476 
412	-0.191742	-1.76111e-13	0.191742 
413	-0.191012	2.46645e-13	0.191012 
414	-0.190289	-2.08324e-14	0.190289 
415	-0.189571	1.43874e-13	0.189571 
416	-0.188859	2.16401e-14	0.188859 
417	-0.188152	5.34781e-16	0.188152 
418	-0.187451	-3.45241e-13	0.187451 
419	-0.186755	-1.42943e-13	0.186755 
420	-0.186064	-1.72843e-13	0.186064 
421	-0.185379	-7.57431e-14	0.185379 
422	-0.184699	5.75935e-14	0.184699 
423	-0.184024	-5.70647e-14	0.184024 
424	-0.183354	-3.50873e-14	0.183354 
425	-0.18269	-1.21139e-14	0.18269 
426	-0.18203	4.1022e-14	0.18203 
427	-0.181376	1.13084e-13	0.181376 
428	-0.180726	-1.36779e-13	0.180726 
429	-0.180081	3.21795e-14	0.180081 
430	-0.179442	3.86336e-14	0.179442 
431	-0.178807	-2.1389e-15	0.178807 
432	-0.178176	-3.89472e-14	0.178176 
433	-0.177551	-1.00454e-13	0.177551 
434	-0.17693	2.91449e-13	0.17693 
435	-0.176314	3.79815e-13	0.176314 
436	-0.175703	-1.12216e-13	0.175703 
437	-0.175096	1.00946e-13	0.175096 
438	-0.174493	-1.7019e-13	0.174493 
439	-0.173895	-2.42805e-13	0.173895 
440	-0.173302	4.19345e-13	0.173302 
441	-0.172713	-4.52409e-13	0.172713 
442	-0.172128	-2.28773e-13	0.172128 
443	-0.171548	1.30585e-13	0.171548 
444	-0.170972	1.97445e-13	0.170972 
445	-0.1704	-2.98419e-13	0.1704 
446	-0.169832	5.14558e-14	0.169832 
447	-0.169269	-2.77237e-14	0.169269 
448	-0.168709	-3.23886e-15	0.168709 
449	-0.168154	9.93018e-14	0.168154 
450	-0.167603	-8.71074e-14	0.167603 
451	-0.167056	1.28235e-13	0.167056 
452	-0.166513	-6.54803e-14	0.166513 
453	-0.165973	1.03997e-13	0.165973 
454	-0.165438	1.40246e-13	0.165438 
455	-0.164907	5.1083e-14	0.164907 
456	-0.164379	3.75914e-15	0.164379 
457	-0.163856	2.32881e-14	0.163856 
458	-0.163336	-5.26504e-14	0.163336 
459	-0.162819	-8.08824e-15	0.162819 
460	-0.162307	-2.44074e-15	0.162307 
461	-0.161798	7.31238e-15	0.161798 
462	-0.161293	1.70673e-13	0.161293 
463	-0.160792	5.34049e-14	0.160792 
464	-0.160294	8.36001e-15	0.160294 
465	-0.1598	-4.05907e-14	0.1598 
466	-0.159309	-1.79753e-14	0.159309 
467	-0.158822	5.27176e-14	0.158822 
468	-0.158338	-5.52987e-14	0.158338 
469	-0.157858	2.87261e-14	0.157858 
470	-0.157381	-1.29642e-13	0.157381 
471	-0.156907	5.71384e-15	0.156907 
472	-0.156437	-1.04429e-13	0.156437 
473	-0.15597	-1.45547e-13	0.15597 
474	-0.155507	-1.19798e-13	0.155507 
475	-0.155047	-5.11726e-14	0.155047 
476	-0.15459	9.80053e-15	0.15459 
477	-0.154136	-2.53639e-13	0.154136 
478	-0.153686	-5.35473e-13	0.153686 
479	-0.153239	2.36217e-13	0.153239 
480	-0.152794	2.13559e-13	0.152794 
481	-0.152353	1.53964e-13	0.152353 
482	-0.151915	2.30039e-13	0.151915 
483	-0.151481	1.98018e-13	0.151481 
484	-0.151049	1.52912e-13	0.151049 
485	-0.15062	-9.3845e-15	0.15062 
486	-0.150194	-3.04197e-14	0.150194 
487	-0.149772	-3.62198e-15	0.149772 
488	-0.149352	2.85636e-14	0.149352 
489	-0.148935	8.50453e-15	0.148935 
490	-0.148521	-3.07866e-14	0.148521 
491	-0.14811	1.02383e-13	0.14811 
492	-0.147702	8.70389e-14	0.147702 
493	-0.147296	8.69908e-14	0.147296 
494	-0.146894	1.29861e-13	0.146894 
495	-0.146494	-3.1578e-13	0.146494 
496	-0.146097	-1.91647e-15	0.146097 
497	-0.145703	4.82824e-14	0.145703 
498	-0.145312	-2.10386e-13	0.145312 
499	-0.144923	-3.33882e-13	0.144923 
500	-0.144537	-3.06923e-13	0.144537 
501	-0.144153	-2.20009e-13	0.144153 
502	-0.143773	1.37473e-13	0.143773 
503	-0.143395	5.64016e-13	0.143395 
504	-0.143019	-3.24593e-13	0.143019 
505	-0.142646	1.01512e-12	0.142646 
506	-0.142276	4.0784e-13	0.142276 
507	-0.141908	-9.0032e-14	0.141908 
508	-0.141543	-3.30901e-14	0.141543 
509	-0.14118	-5.87433e-14	0.14118 
510	-0.14082	2.50981e-13	0.14082 
511	-0.140462	1.7643e-13	0.140462 
512	-0.140107	-6.01458e-14	0.140107 
513	-0.139754	-1.14799e-13	0.139754 
514	-0.139404	-9.61243e-14	0.139404 
515	-0.139056	2.12155e-13	0.139056 
516	-0.13871	1.85158e-13	0.13871 
517	-0.138367	1.51367e-13	0.138367 
518	-0.138026	7.42962e-14	0.138026 
519	-0.137688	-1.46696e-13	0.137688 
520	-0.137351	-3.2669e-14	0.137351 
521	-0.137018	-8.66981e-14	0.137018 
522	-0.136686	-7.28819e-14	0.136686 
523	-0.136357	8.83698e-16	0.136357 
524	-0.13603	-5.06614e-14	0.13603 
525	-0.135705	-4.10823e-14	0.135705 
526	-0.135382	-4.58848e-14	0.135382 
527	-0.135062	-3.76553e-14	0.135062 
528	-0.134743	-9.72611e-14	0.134743 
529	-0.134427	-3.14777e-13	0.134427 
530	-0.134114	-1.73746e-13	0.134114 
531	-0.133802	8.10419e-14	0.133802 
532	-0.133492	1.83555e-15	0.133492 
533	-0.133185	7.85876e-14	0.133185 
534	-0.132879	-7.89738e-14	0.132879 
535	-0.132576	-1.42141e-14	0.132576 
536	-0.132275	1.51539e-13	0.132275 
537	-0.131976	3.20796e-14	0.131976 
538	-0.131679	1.36666e-13	0.131679 
539	-0.131384	-3.32454e-13	0.131384 
540	-0.13109	-3.26821e-13	0.13109 
541	-0.130799	4.06194e-13	0.130799 
542	-0.13051	-4.62011e-13	0.13051 
543	-0.130223	-4.20965e-14	0.130223 
544	-0.129938	1.68362e-13	0.129938 
545	-0.129655	1.82152e-13	0.129655 
546	-0.129374	-2.4245e-13	0.129374 
547	-0.129094	-1.12389e-13	0.129094 
548	-0.128817	-4.68187e-14	0.128817 
549	-0.128542	-1.02912e-13	0.128542 
550	-0.128268	1.52318e-13	0.128268 
551	-0.127996	-2.33429e-14	0.127996 
552	-0.127726	7.55612e-14	0.127726 
553	-0.127458	-1.10309e-13	0.127458 
554	-0.127192	-1.65111e-13	0.127192 
555	-0.126928	-8.87607e-15	0.126928 
556	-0.126665	-4.67651e-15	0.126665 
557	-0.126404	-5.64552e-16	0.126404 
558	-0.126145	-8.23804e-14	0.126145 
559	-0.125888	-3.71473e-14	0.125888 
560	-0.125633	-7.49352e-15	0.125633 
561	-0.125379	4.88124e-14	0.125379 
562	-0.125127	1.88878e-13	0.125127 
563	-0.124877	1.43464e-13	0.124877 
564	-0.124629	-6.67269e-14	0.124629 
565	-0.124382	-1.82315e-13	0.124382 
566	-0.124137	3.13392e-13	0.124137 
567	-0.123894	3.33443e-13	0.123894 
568	-0.123652	-1.40948e-13	0.123652 
569	-0.123412	3.89239e-13	0.123412 
570	-0.123174	3.59206e-13	0.123174 
571	-0.122937	-5.84355e-14	0.122937 
572	-0.122702	-4.35551e-14	0.122702 
573	-0.122469	3.86797e-14	0.122469 
574	-0.122237	6.93882e-15	0.122237 
575	-0.122007	1.25816e-13	0.122007 
576	-0.121778	-4.83354e-14	0.121778 
577	-0.121551	1.40252e-14	0.121551 
578	-0.121326	1.67673e-15	0.121326 
579	-0.121102	-9.47966e-15	0.121102 
580	-0.12088	-2.3998e-14	0.12088 
581	-0.120659	-5.87313e-14	0.120659 
582	-0.12044	3.80167e-14	0.12044 
583	-0.120222	1.44137e-13	0.120222 
584	-0.120006	1.67938e-13	0.120006 
585	-0.119792	9.02459e-14	0.119792 
586	-0.119579	6.63642e-14	0.119579 
587	-0.119367	-1.04617e-13	0.119367 
588	-0.119157	-1.50987e-13	0.119157 
589	-0.118948	2.66167e-13	0.118948 
590	-0.118741	1.83426e-13	0.118741 
591	-0.118536	-1.61833e-13	0.118536 
592	-0.118331	-6.87054e-14	0.118331 
593	-0.118129	2.01482e-13	0.118129 
594	-0.117927	1.42521e-14	0.117927 
595	-0.117728	1.03246e-13	0.117728 
596	-0.117529	-1.18917e-13	0.117529 
597	-0.117332	-8.44496e-14	0.117332 
598	-0.117137	9.4067e-14	0.117137 
599	-0.116942	1.14689e-14	0.116942 
600	-0.11675	2.92128e-15	0.11675 
601	-0.116558	-2.96069e-13	0.116558 
602	-0.116368	-1.90168e-13	0.116368 
603	-0.116179	2.67803e-13	0.116179 
604	-0.115992	5.82231e-13	0.115992 
605	-0.115806	-2.88888e-13	0.115806 
606	-0.115622	9.94822e-13	0.115622 
607	-0.115438	2.22805e-13	0.115438 
608	-0.115256	-2.02497e-13	0.115256 
609	-0.115076	8.58836e-14	0.115076 
610	-0.114897	4.21463e-14	0.114897 
611	-0.114719	3.47678e-13	0.114719 
612	-0.114542	1.94464e-13	0.114542 
613	-0.114367	-2.34758e-15	0.114367 
614	-0.114193	-1.52065e-13	0.114193 
615	-0.11402	-7.23133e-14	0.11402 
616	-0.113848	1.10065e-13	0.113848 
617	-0.113678	9.4685e-14	0.113678 
618	-0.113509	1.81387e-14	0.113509 
619	-0.113341	1.40991e-13	0.113341 
620	-0.113175	-9.02036e-16	0.113175 
621	-0.11301	1.78071e-13	0.11301 
622	-0.112846	1.18838e-13	0.112846 
623	-0.112683	-2.88925e-14	0.112683 
624	-0.112522	-1.35251e-14	0.112522 
625	-0.112361	-4.62222e-14	0.112361 
626	-0.112202	-9.61103e-14	0.112202 
627	-0.112045	1.72045e-14	0.112045 
628	-0.111888	9.07331e-14	0.111888 
629	-0.111733	-2.0716e-13	0.111733 
630	-0.111578	-4.44917e-13	0.111578 
631	-0.111425	-9.4896e-14	0.111425 
632	-0.111273	-8.81448e-14	0.111273 
633	-0.111123	-6.12049e-14	0.111123 
634	-0.110973	-7.13613e-14	0.110973 
635	-0.110825	1.15949e-14	0.110825 
636	-0.110678	1.25785e-13	0.110678 
637	-0.110532	7.01276e-14	0.110532 
638	-0.110387	6.2852e-14	0.110387 
639	-0.110243	-8.4797e-14	0.110243 
640	-0.1101	5.07936e-15	0.1101 
641	-0.109959	-5.63066e-14	0.109959 
642	-0.109819	-3.52559e-14	0.109819 
643	-0.109679	8.07071e-14	0.109679 
644	-0.109541	8.10763e-14	0.109541 
645	-0.109404	1.11592e-14	0.109404 
646	-0.109269	1.21862e-13	0.109269 
647	-0.109134	1.52728e-14	0.109134 
648	-0.109	-4.84464e-14	0.109 
649	-0.108868	4.89047e-14	0.108868 
650	-0.108736	-1.93226e-13	0.108736 
651	-0.108606	2.04948e-13	0.108606 
652	-0.108476	2.79784e-13	0.108476 
653	-0.108348	1.7538e-13	0.108348 
654	-0.108221	-4.0874e-15	0.108221 
655	-0.108095	-1.07298e-13	0.108095 
656	-0.10797	-1.03894e-13	0.10797 
657	-0.107846	-1.95497e-13	0.107846 
658	-0.107723	-2.79297e-14	0.107723 
659	-0.107601	-1.20503e-13	0.107601 
660	-0.10748	-1.41101e-14	0.10748 
661	-0.10736	6.25242e-14	0.10736 
662	-0.107242	-1.33399e-13	0.107242 
663	-0.107124	1.22778e-14	0.107124 
664	-0.107007	-2.87168e-14	0.107007 
665	-0.106892	-1.42454e-13	0.106892 
666	-0.106777	-2.51399e-13	0.106777 
667	-0.106663	2.49283e-13	0.106663 
668	-0.106551	1.53514e-13	0.106551 
669	-0.106439	-1.43706e-13	0.106439 
670	-0.106329	4.43321e-13	0.106329 
671	-0.106219	3.4802e-13	0.106219 
672	-0.10611	3.42179e-14	0.10611 
673	-0.106003	-1.32787e-13	0.106003 
674	-0.105896	-4.56395e-14	0.105896 
675	-0.10579	6.14667e-14	0.10579 
676	-0.105686	-2.60957e-14	0.105686 
677	-0.105582	9.93157e-14	0.105582 
678	-0.105479	1.09917e-13	0.105479 
679	-0.105378	-1.37828e-14	0.105378 
680	-0.105277	5.05734e-14	0.105277 
681	-0.105177	1.99389e-14	0.105177 
682	-0.105078	-7.37294e-14	0.105078 
683	-0.10498	-1.47033e-13	0.10498 
684	-0.104883	-3.83374e-14	0.104883 
685	-0.104787	6.94157e-14	0.104787 
686	-0.104692	1.33928e-14	0.104692 
687	-0.104598	5.99827e-14	0.104598 
688	-0.104505	-3.60628e-14	0.104505 
689	-0.104413	-1.60749e-13	0.104413 
690	-0.104322	2.07123e-13	0.104322 
691	-0.104231	1.53898e-13	0.104231 
692	-0.104142	-3.71845e-15	0.104142 
693	-0.104053	-6.37575e-13	0.104053 
694	-0.103966	3.80111e-13	0.103966 
695	-0.103879	5.52991e-14	0.103879 
696	-0.103793	1.94074e-13	0.103793 
697	-0.103708	1.86234e-13	0.103708 
698	-0.103625	5.61626e-14	0.103625 
699	-0.103542	-7.84222e-15	0.103542 
700	-0.103459	-7.08799e-15	0.103459 
701	-0.103378	4.83171e-14	0.103378 
702	-0.103298	1.65723e-13	0.103298 
703	-0.103219	6.2521e-14	0.103219 
704	-0.10314	2.7451e-14	0.10314 
705	-0.103062	2.1704e-14	0.103062 
706	-0.102986	8.78183e-14	0.102986 
707	-0.10291	3.01361e-14	0.10291 
708	-0.102835	-1.42457e-14	0.102835 
709	-0.102761	-1.72957e-13	0.102761 
710	-0.102688	1.02833e-13	0.102688 
711	-0.102615	1.64486e-13	0.102615 
712	-0.102544	1.07962e-13	0.102544 
713	-0.102473	1.20612e-13	0.102473 
714	-0.102404	6.63384e-14	0.102404 
715	-0.102335	-1.18282e-13	0.102335 
716	-0.102267	1.08599e-13	0.102267 
717	-0.1022	4.3438e-13	0.1022 
718	-0.102134	6.07615e-13	0.102134 
719	-0.102068	3.906e-14	0.102068 
720	-0.102004	-4.30707e-14	0.102004 
721	-0.10194	-1.08424e-13	0.10194 
722	-0.101877	1.07789e-14	0.101877 
723	-0.101815	2.45067e-14	0.101815 
724	-0.101754	9.14991e-14	0.101754 
725	-0.101694	-2.85733e-14	0.101694 
726	-0.101634	-4.86503e-14	0.101634 
727	-0.101576	-6.59908e-14	0.101576 
728	-0.101518	6.95932e-14	0.101518 
729	-0.101461	1.15795e-13	0.101461 
730	-0.101405	-2.88825e-14	0.101405 
731	-0.10135	-1.55485e-13	0.10135 
732	-0.101296	6.67135e-14	0.101296 
733	-0.101242	-8.97448e-14	0.101242 
734	-0.101189	-8.82937e-14	0.101189 
735	-0.101137	-1.35662e-13	0.101137 
736	-0.101086	3.1975e-14	0.101086 
737	-0.101036	1.39815e-13	0.101036 
738	-0.100987	1.35443e-13	0.100987 
739	-0.100938	6.17548e-14	0.100938 
740	-0.10089	1.47502e-14	0.10089 
741	-0.100843	1.77409e-13	0.100843 
742	-0.100797	-7.46014e-14	0.100797 
743	-0.100752	-1.00864e-13	0.100752 
744	-0.100707	2.5078e-14	0.100707 
745	-0.100664	9.98819e-15	0.100664 
746	-0.100621	-4.72276e-14	0.100621 
747	-0.100579	1.6067e-13	0.100579 
748	-0.100538	-1.52125e-14	0.100538 
749	-0.100497	3.97656e-14	0.100497 
750	-0.100457	9.89676e-14	0.100457 
751	-0.100419	-2.42895e-15	0.100419 
752	-0.100381	3.20428e-14	0.100381 
753	-0.100343	2.36221e-13	0.100343 
754	-0.100307	8.42694e-14	0.100307 
755	-0.100271	5.74538e-14	0.100271 
756	-0.100236	2.40157e-13	0.100236 
757	-0.100202	2.31572e-14	0.100202 
758	-0.100169	-3.27534e-13	0.100169 
759	-0.100137	-2.23169e-13	0.100137 
760	-0.100105	-1.12913e-13	0.100105 
761	-0.100074	-9.41031e-14	0.100074 
762	-0.100044	5.09196e-14	0.100044 
763	-0.100015	-1.01171e-13	0.100015 
764	-0.0999865	-1.8794e-14	0.0999865 
765	-0.0999588	1.54175e-14	0.0999588 
766	-0.0999319	2.48848e-14	0.0999319 
767	-0.0999058	-5.3866e-14	0.0999058 
768	-0.0998805	-1.27397e-13	0.0998805 
769	-0.0998559	-1.48701e-13	0.0998559 
770	-0.0998322	-5.66504e-14	0.0998322 
771	-0.0998092	3.48497e-14	0.0998092 
772	-0.0997871	4.5711e-14	0.0997871 
773	-0.0997657	1.04622e-13	0.0997657 
774	-0.0997451	-1.13099e-14	0.0997451 
775	-0.0997252	-1.64574e-13	0.0997252 
776	-0.0997062	5.03384e-14	0.0997062 
777	-0.099688	-1.52987e-13	0.099688 
778	-0.0996705	2.06643e-13	0.0996705 
779	-0.0996538	2.17732e-13	0.0996538 
780	-0.0996379	-8.4103e-15	0.0996379 
781	-0.0996227	-4.82275e-13	0.0996227 
782	-0.0996084	-4.69702e-13	0.0996084 
783	-0.0995948	-2.27841e-13	0.0995948 
784	-0.099582	-6.15082e-14	0.099582 
785	-0.09957	-5.3442e-14	0.09957 
786	-0.0995587	5.51881e-15	0.0995587 
787	-0.0995483	3.93464e-14	0.0995483 
788	-0.0995386	-1.2427e-13	0.0995386 
789	-0.0995297	-1.22182e-14	0.0995297 
790	-0.0995215	7.09259e-14	0.0995215 
791	-0.0995142	-1.93852e-15	0.0995142 
792	-0.0995076	-7.22764e-14	0.0995076 
793	-0.0995018	-3.13867e-15	0.0995018 
794	-0.0994967	-5.76745e-13	0.0994967 
795	-0.0994925	2.33467e-13	0.0994925 
796	-0.099489	-1.47205e-14	0.099489 
797	-0.0994863	1.2407e-14	0.0994863 
798	-0.0994843	1.20787e-13	0.0994843 
799	-0.0994832	1.00583e-13	0.0994832 
800	-0.0994828	-2.08733e-16	0.0994828 
801	-0.0994832	-9.98984e-14	0.0994832 
802	-0.0994843	-1.19803e-13	0.0994843 
803	-0.0994863	-1.10181e-14	0.0994863 
804	-0.099489	1.54451e-14	0.099489 
805	-0.0994925	-2.33841e-13	0.0994925 
806	-0.0994967	5.76273e-13	0.0994967 
807	-0.0995018	3.64714e-15	0.0995018 
808	-0.0995076	7.13047e-14	0.0995076 
809	-0.0995142	4.19248e-16	0.0995142 
810	-0.0995215	-6.94571e-14	0.0995215 
811	-0.0995297	1.18362e-14	0.0995297 
812	-0.0995386	1.2299e-13	0.0995386 
813	-0.0995483	-4.13883e-14	0.0995483 
814	-0.0995587	-5.23797e-15	0.0995587 
815	-0.09957	5.39221e-14	0.09957 
816	-0.099582	6.2259e-14	0.099582 
817	-0.0995948	2.22699e-13	0.0995948 
818	-0.0996084	4.81682e-13	0.0996084 
819	-0.0996227	5.00669e-13	0.0996227 
820	-0.0996379	1.22444e-14	0.0996379 
821	-0.0996538	-2.13165e-13	0.0996538 
822	-0.0996705	-2.08619e-13	0.0996705 
823	-0.099688	1.54465e-13	0.099688 
824	-0.0997062	-5.11905e-14	0.0997062 
825	-0.0997252	1.64625e-13	0.0997252 
826	-0.0997451	1.09389e-14	0.0997451 
827	-0.0997657	-1.03481e-13	0.0997657 
828	-0.0997871	-4.39561e-14	0.0997871 
829	-0.0998092	-3.34633e-14	0.0998092 
830	-0.0998322	5.89953e-14	0.0998322 
831	-0.0998559	1.47867e-13	0.0998559 
832	-0.0998805	1.27382e-13	0.0998805 
833	-0.0999058	5.38317e-14	0.0999058 
834	-0.0999319	-2.62163e-14	0.0999319 
835	-0.0999588	-1.5964e-14	0.0999588 
836	-0.0999865	1.79108e-14	0.0999865 
837	-0.100015	1.01206e-13	0.100015 
838	-0.100044	-5.05828e-14	0.100044 
839	-0.100074	9.30232e-14	0.100074 
840	-0.100105	1.12996e-13	0.100105 
841	-0.100137	2.21365e-13	0.100137 
842	-0.100169	3.3007e-13	0.100169 
843	-0.100202	-2.27039e-14	0.100202 
844	-0.100236	-2.39416e-13	0.100236 
845	-0.100271	-5.08125e-14	0.100271 
846	-0.100307	-7.53577e-14	0.100307 
847	-0.100343	-2.37834e-13	0.100343 
848	-0.100381	-3.11549e-14	0.100381 
849	-0.100419	1.37192e-15	0.100419 
850	-0.100457	-9.87327e-14	0.100457 
851	-0.100497	-3.97522e-14	0.100497 
852	-0.100538	1.50778e-14	0.100538 
853	-0.100579	-1.61794e-13	0.100579 
854	-0.100621	4.74139e-14	0.100621 
855	-0.100664	-8.44213e-15	0.100664 
856	-0.100707	-2.48732e-14	0.100707 
857	-0.100752	1.0056e-13	0.100752 
858	-0.100797	7.44258e-14	0.100797 
859	-0.100843	-1.77786e-13	0.100843 
860	-0.10089	-1.46624e-14	0.10089 
861	-0.100938	-6.10817e-14	0.100938 
862	-0.100987	-1.36474e-13	0.100987 
863	-0.101036	-1.39706e-13	0.101036 
864	-0.101086	-3.14246e-14	0.101086 
865	-0.101137	1.35291e-13	0.101137 
866	-0.101189	9.03494e-14	0.101189 
867	-0.101242	8.9321e-14	0.101242 
868	-0.101296	-6.64303e-14	0.101296 
869	-0.10135	1.55275e-13	0.10135 
870	-0.101405	2.92087e-14	0.101405 
871	-0.101461	-1.16616e-13	0.101461 
872	-0.101518	-6.83192e-14	0.101518 
873	-0.101576	6.38454e-14	0.101576 
874	-0.101634	4.96686e-14	0.101634 
875	-0.101694	2.63954e-14	0.101694 
876	-0.101754	-9.02512e-14	0.101754 
877	-0.101815	-2.46532e-14	0.101815 
878	-0.101877	-1.28282e-14	0.101877 
879	-0.10194	1.08096e-13	0.10194 
880	-0.102004	4.2973e-14	0.102004 
881	-0.102068	-4.51039e-14	0.102068 
882	-0.102134	-6.10723e-13	0.102134 
883	-0.1022	-4.24298e-13	0.1022 
884	-0.102267	-1.08084e-13	0.102267 
885	-0.102335	1.14464e-13	0.102335 
886	-0.102404	-6.50238e-14	0.102404 
887	-0.102473	-1.24256e-13	0.102473 
888	-0.102544	-1.06385e-13	0.102544 
889	-0.102615	-1.65681e-13	0.102615 
890	-0.102688	-1.04155e-13	0.102688 
891	-0.102761	1.72562e-13	0.102761 
892	-0.102835	1.50809e-14	0.102835 
893	-0.10291	-2.90127e-14	0.10291 
894	-0.102986	-8.86359e-14	0.102986 
895	-0.103062	-2.40853e-14	0.103062 
896	-0.10314	-2.66877e-14	0.10314 
897	-0.103219	-6.25832e-14	0.103219 
898	-0.103298	-1.64147e-13	0.103298 
899	-0.103378	-4.87113e-14	0.103378 
900	-0.103459	7.39779e-15	0.103459 
901	-0.103542	5.84044e-15	0.103542 
902	-0.103625	-5.6459e-14	0.103625 
903	-0.103708	-1.85652e-13	0.103708 
904	-0.103793	-1.92051e-13	0.103793 
905	-0.103879	-5.58866e-14	0.103879 
906	-0.103966	-3.78351e-13	0.103966 
907	-0.104053	6.33701e-13	0.104053 
908	-0.104142	-8.273e-16	0.104142 
909	-0.104231	-1.7069e-13	0.104231 
910	-0.104322	-2.11272e-13	0.104322 
911	-0.104413	1.51498e-13	0.104413 
912	-0.104505	2.86435e-14	0.104505 
913	-0.104598	-6.23854e-14	0.104598 
914	-0.104692	-1.36938e-14	0.104692 
915	-0.104787	-6.94663e-14	0.104787 
916	-0.104883	3.52843e-14	0.104883 
917	-0.10498	1.45956e-13	0.10498 
918	-0.105078	7.08311e-14	0.105078 
919	-0.105177	-2.02511e-14	0.105177 
920	-0.105277	-4.80843e-14	0.105277 
921	-0.105378	1.39198e-14	0.105378 
922	-0.105479	-1.08501e-13	0.105479 
923	-0.105582	-9.98296e-14	0.105582 
924	-0.105686	2.61112e-14	0.105686 
925	-0.10579	-6.3019e-14	0.10579 
926	-0.105896	4.44048e-14	0.105896 
927	-0.106003	1.32155e-13	0.106003 
928	-0.10611	-3.33754e-14	0.10611 
929	-0.106219	-3.49708e-13	0.106219 
930	-0.106329	-4.43823e-13	0.106329 
931	-0.106439	1.42482e-13	0.106439 
932	-0.106551	-1.54245e-13	0.106551 
933	-0.106663	-2.49947e-13	0.106663 
934	-0.106777	2.51513e-13	0.106777 
935	-0.106892	1.43052e-13	0.106892 
936	-0.107007	2.83302e-14	0.107007 
937	-0.107124	-1.19794e-14	0.107124 
938	-0.107242	1.32984e-13	0.107242 
939	-0.10736	-6.14063e-14	0.10736 
940	-0.10748	1.52997e-14	0.10748 
941	-0.107601	1.22497e-13	0.107601 
942	-0.107723	2.80951e-14	0.107723 
943	-0.107846	1.98341e-13	0.107846 
944	-0.10797	1.04199e-13	0.10797 
945	-0.108095	1.10927e-13	0.108095 
946	-0.108221	3.13482e-15	0.108221 
947	-0.108348	-1.95858e-13	0.108348 
948	-0.108476	-2.8046e-13	0.108476 
949	-0.108606	-2.02974e-13	0.108606 
950	-0.108736	1.93525e-13	0.108736 
951	-0.108868	-4.84474e-14	0.108868 
952	-0.109	4.60489e-14	0.109 
953	-0.109134	-1.52248e-14	0.109134 
954	-0.109269	-1.20348e-13	0.109269 
955	-0.109404	-1.00684e-14	0.109404 
956	-0.109541	-8.13978e-14	0.109541 
957	-0.109679	-8.16816e-14	0.109679 
958	-0.109819	3.53657e-14	0.109819 
959	-0.109959	5.75828e-14	0.109959 
960	-0.1101	-5.07936e-15	0.1101 
961	-0.110243	8.35495e-14	0.110243 
962	-0.110387	-6.23559e-14	0.110387 
963	-0.110532	-7.00941e-14	0.110532 
964	-0.110678	-1.25412e-13	0.110678 
965	-0.110825	-1.15871e-14	0.110825 
966	-0.110973	7.13071e-14	0.110973 
967	-0.111123	6.14156e-14	0.111123 
968	-0.111273	8.93818e-14	0.111273 
969	-0.111425	9.51416e-14	0.111425 
970	-0.111578	4.44821e-13	0.111578 
971	-0.111733	2.08473e-13	0.111733 
972	-0.111888	-9.22505e-14	0.111888 
973	-0.112045	-1.83944e-14	0.112045 
974	-0.112202	9.89722e-14	0.112202 
975	-0.112361	5.05158e-14	0.112361 
976	-0.112522	8.62365e-15	0.112522 
977	-0.112683	2.84265e-14	0.112683 
978	-0.112846	-1.20693e-13	0.112846 
979	-0.11301	-1.76148e-13	0.11301 
980	-0.113175	5.87944e-16	0.113175 
981	-0.113341	-1.43259e-13	0.113341 
982	-0.113509	-1.81559e-14	0.113509 
983	-0.113678	-9.59792e-14	0.113678 
984	-0.113848	-1.09917e-13	0.113848 
985	-0.11402	7.14315e-14	0.11402 
986	-0.114193	1.51676e-13	0.114193 
987	-0.114367	4.67226e-15	0.114367 
988	-0.114542	-1.95032e-13	0.114542 
989	-0.114719	-3.47981e-13	0.114719 
990	-0.114897	-4.17921e-14	0.114897 
991	-0.115076	-8.66251e-14	0.115076 
992	-0.115256	2.02367e-13	0.115256 
993	-0.115438	-2.22312e-13	0.115438 
994	-0.115622	-9.95656e-13	0.115622 
995	-0.115806	2.88238e-13	0.115806 
996	-0.115992	-5.81836e-13	0.115992 
997	-0.116179	-2.69268e-13	0.116179 
998	-0.116368	1.89906e-13	0.116368 
999	-0.116558	2.96455e-13	0.116558 
1000	-0.11675	-5.40157e-15	0.11675 
1001	-0.116942	-8.85309e-15	0.116942 
1002	-0.117137	-9.14794e-14	0.117137 
1003	-0.117332	8.64826e-14	0.117332 
1004	-0.117529	1.22251e-13	0.117529 
1005	-0.117728	-1.03254e-13	0.117728 
1006	-0.117927	-1.61027e-14	0.117927 
1007	-0.118129	-1.97257e-13	0.118129 
1008	-0.118331	7.53942e-14	0.118331 
1009	-0.118536	1.59675e-13	0.118536 
1010	-0.118741	-1.91025e-13	0.118741 
1011	-0.118948	-2.48194e-13	0.118948 
1012	-0.119157	1.50113e-13	0.119157 
1013	-0.119367	1.06467e-13	0.119367 
1014	-0.119579	-6.77228e-14	0.119579 
1015	-0.119792	-8.85837e-14	0.119792 
1016	-0.120006	-1.66752e-13	0.120006 
1017	-0.120222	-1.42781e-13	0.120222 
1018	-0.12044	-3.73456e-14	0.12044 
1019	-0.120659	5.96455e-14	0.120659 
1020	-0.12088	2.60413e-14	0.12088 
1021	-0.121102	1.128e-14	0.121102 
1022	-0.121326	-1.42081e-15	0.121326 
1023	-0.121551	-1.50371e-14	0.121551 
1024	-0.121778	4.76658e-14	0.121778 
1025	-0.122007	-1.23303e-13	0.122007 
1026	-0.122237	-6.73345e-15	0.122237 
1027	-0.122469	-3.85667e-14	0.122469 
1028	-0.122702	4.1559e-14	0.122702 
1029	-0.122937	5.84849e-14	0.122937 
1030	-0.123174	-3.60218e-13	0.123174 
1031	-0.123412	-3.87971e-13	0.123412 
1032	-0.123652	1.3978e-13	0.123652 
1033	-0.123894	-3.34833e-13	0.123894 
1034	-0.124137	-3.12099e-13	0.124137 
1035	-0.124382	1.8251e-13	0.124382 
1036	-0.124629	7.12173e-14	0.124629 
1037	-0.124877	-1.42114e-13	0.124877 
1038	-0.125127	-1.88894e-13	0.125127 
1039	-0.125379	-3.8847e-14	0.125379 
1040	-0.125633	4.73062e-15	0.125633 
1041	-0.125888	3.60365e-14	0.125888 
1042	-0.126145	8.34598e-14	0.126145 
1043	-0.126404	6.63115e-16	0.126404 
1044	-0.126665	4.38258e-15	0.126665 
1045	-0.126928	1.00442e-14	0.126928 
1046	-0.127192	1.64904e-13	0.127192 
1047	-0.127458	1.09588e-13	0.127458 
1048	-0.127726	-7.75633e-14	0.127726 
1049	-0.127996	2.45555e-14	0.127996 
1050	-0.128268	-1.52233e-13	0.128268 
1051	-0.128542	1.03752e-13	0.128542 
1052	-0.128817	4.67483e-14	0.128817 
1053	-0.129094	1.13035e-13	0.129094 
1054	-0.129374	2.41998e-13	0.129374 
1055	-0.129655	-1.82398e-13	0.129655 
1056	-0.129938	-1.68504e-13	0.129938 
1057	-0.130223	4.22582e-14	0.130223 
1058	-0.13051	4.62413e-13	0.13051 
1059	-0.130799	-4.05887e-13	0.130799 
1060	-0.13109	3.25944e-13	0.13109 
1061	-0.131384	3.3246e-13	0.131384 
1062	-0.131679	-1.37287e-13	0.131679 
1063	-0.131976	-3.17351e-14	0.131976 
1064	-0.132275	-1.52025e-13	0.132275 
1065	-0.132576	1.45519e-14	0.132576 
1066	-0.132879	7.92402e-14	0.132879 
1067	-0.133185	-7.69055e-14	0.133185 
1068	-0.133492	-3.07713e-15	0.133492 
1069	-0.133802	-8.27863e-14	0.133802 
1070	-0.134114	1.71125e-13	0.134114 
1071	-0.134427	3.16365e-13	0.134427 
1072	-0.134743	9.99178e-14	0.134743 
1073	-0.135062	3.68317e-14	0.135062 
1074	-0.135382	4.95435e-14	0.135382 
1075	-0.135705	5.17995e-14	0.135705 
1076	-0.13603	4.32919e-14	0.13603 
1077	-0.136357	-3.6877e-15	0.136357 
1078	-0.136686	7.47755e-14	0.136686 
1079	-0.137018	8.55472e-14	0.137018 
1080	-0.137351	3.19154e-14	0.137351 
1081	-0.137688	1.46481e-13	0.137688 
1082	-0.138026	-7.3113e-14	0.138026 
1083	-0.138367	-1.504e-13	0.138367 
1084	-0.13871	-1.85019e-13	0.13871 
1085	-0.139056	-2.11624e-13	0.139056 
1086	-0.139404	9.61376e-14	0.139404 
1087	-0.139754	1.14669e-13	0.139754 
1088	-0.140107	6.01889e-14	0.140107 
1089	-0.140462	-1.7668e-13	0.140462 
1090	-0.14082	-2.49515e-13	0.14082 
1091	-0.14118	5.87147e-14	0.14118 
1092	-0.141543	3.4195e-14	0.141543 
1093	-0.141908	8.91234e-14	0.141908 
1094	-0.142276	-4.07855e-13	0.142276 
1095	-0.142646	-1.01397e-12	0.142646 
1096	-0.143019	3.2487e-13	0.143019 
1097	-0.143395	-5.64695e-13	0.143395 
1098	-0.143773	-1.33492e-13	0.143773 
1099	-0.144153	2.19974e-13	0.144153 
1100	-0.144537	3.10085e-13	0.144537 
1101	-0.144923	3.34965e-13	0.144923 
1102	-0.145312	2.14338e-13	0.145312 
1103	-0.145703	-4.86964e-14	0.145703 
1104	-0.146097	4.03047e-15	0.146097 
1105	-0.146494	3.1535e-13	0.146494 
1106	-0.146894	-1.29219e-13	0.146894 
1107	-0.147296	-8.81051e-14	0.147296 
1108	-0.147702	-8.67342e-14	0.147702 
1109	-0.14811	-1.01178e-13	0.14811 
1110	-0.148521	3.04113e-14	0.148521 
1111	-0.148935	-7.35916e-15	0.148935 
1112	-0.149352	-2.85331e-14	0.149352 
1113	-0.149772	3.77427e-15	0.149772 
1114	-0.150194	2.9462e-14	0.150194 
1115	-0.15062	8.98697e-15	0.15062 
1116	-0.151049	-1.53072e-13	0.151049 
1117	-0.151481	-1.97682e-13	0.151481 
1118	-0.151915	-2.29865e-13	0.151915 
1119	-0.152353	-1.53867e-13	0.152353 
1120	-0.152794	-2.13989e-13	0.152794 
1121	-0.153239	-2.35924e-13	0.153239 
1122	-0.153686	5.35837e-13	0.153686 
1123	-0.154136	2.55195e-13	0.154136 
1124	-0.15459	-1.00445e-14	0.15459 
1125	-0.155047	5.14446e-14	0.155047 
1126	-0.155507	1.20873e-13	0.155507 
1127	-0.15597	1.45348e-13	0.15597 
1128	-0.156437	1.05506e-13	0.156437 
1129	-0.156907	-5.10393e-15	0.156907 
1130	-0.157381	1.29737e-13	0.157381 
1131	-0.157858	-2.98434e-14	0.157858 
1132	-0.158338	5.53922e-14	0.158338 
1133	-0.158822	-5.31415e-14	0.158822 
1134	-0.159309	2.19556e-14	0.159309 
1135	-0.1598	3.88902e-14	0.1598 
1136	-0.160294	-3.72369e-15	0.160294 
1137	-0.160792	-5.34725e-14	0.160792 
1138	-0.161293	-1.74328e-13	0.161293 
1139	-0.161798	-1.48666e-14	0.161798 
1140	-0.162307	3.5276e-15	0.162307 
1141	-0.162819	8.19369e-15	0.162819 
1142	-0.163336	5.02293e-14	0.163336 
1143	-0.163856	-1.95801e-14	0.163856 
1144	-0.164379	-4.73836e-15	0.164379 
1145	-0.164907	-5.20725e-14	0.164907 
1146	-0.165438	-1.40365e-13	0.165438 
1147	-0.165973	-1.05173e-13	0.165973 
1148	-0.166513	6.5828e-14	0.166513 
1149	-0.167056	-1.29337e-13	0.167056 
1150	-0.167603	8.59144e-14	0.167603 
1151	-0.168154	-9.79029e-14	0.168154 
1152	-0.168709	3.20065e-15	0.168709 
1153	-0.169269	2.76227e-14	0.169269 
1154	-0.169832	-5.18231e-14	0.169832 
1155	-0.1704	2.98357e-13	0.1704 
1156	-0.170972	-1.99096e-13	0.170972 
1157	-0.171548	-1.30987e-13	0.171548 
1158	-0.172128	2.28166e-13	0.172128 
1159	-0.172713	4.51753e-13	0.172713 
1160	-0.173302	-4.19406e-13	0.173302 
1161	-0.173895	2.42502e-13	0.173895 
1162	-0.174493	1.66929e-13	0.174493 
1163	-0.175096	-1.02806e-13	0.175096 
1164	-0.175703	1.17763e-13	0.175703 
1165	-0.176314	-3.69185e-13	0.176314 
1166	-0.17693	-2.91896e-13	0.17693 
1167	-0.177551	9.26394e-14	0.177551 
1168	-0.178176	3.96596e-14	0.178176 
1169	-0.178807	1.35898e-15	0.178807 
1170	-0.179442	-3.83273e-14	0.179442 
1171	-0.180081	-3.1192e-14	0.180081 
1172	-0.180726	1.3721e-13	0.180726 
1173	-0.181376	-1.1359e-13	0.181376 
1174	-0.18203	-4.0759e-14	0.18203 
1175	-0.18269	1.19645e-14	0.18269 
1176	-0.183354	3.49835e-14	0.183354 
1177	-0.184024	5.72848e-14	0.184024 
1178	-0.184699	-5.70706e-14	0.184699 
1179	-0.185379	7.53727e-14	0.185379 
1180	-0.186064	1.7383e-13	0.186064 
1181	-0.186755	1.44272e-13	0.186755 
1182	-0.187451	3.44621e-13	0.187451 
1183	-0.188152	-2.05749e-16	0.188152 
1184	-0.188859	-2.19707e-14	0.188859 
1185	-0.189571	-1.42772e-13	0.189571 
1186	-0.190289	2.19001e-14	0.190289 
1187	-0.191012	-2.46548e-13	0.191012 
1188	-0.191742	1.76348e-13	0.191742 
1189	-0.192476	-2.71264e-14	0.192476 
1190	-0.193217	-1.55138e-13	0.193217 
1191	-0.193964	7.06106e-14	0.193964 
1192	-0.194716	-5.84533e-14	0.194716 
1193	-0.195474	6.05427e-14	0.195474 
1194	-0.196239	-4.09231e-14	0.196239 
1195	-0.197009	-1.90362e-13	0.197009 
1196	-0.197786	3.43781e-14	0.197786 
1197	-0.198568	1.33344e-15	0.198568 
1198	-0.199357	-5.67424e-14	0.199357 
1199	-0.200153	1.02157e-13	0.200153 
1200	-0.200954	3.81589e-15	0.200954 
1201	-0.201763	-2.28172e-14	0.201763 
1202	-0.202577	3.28571e-13	0.202577 
1203	-0.203398	2.40271e-13	0.203398 
1204	-0.204226	-4.74191e-14	0.204226 
1205	-0.205061	-1.1897e-13	0.205061 
1206	-0.205902	2.80022e-13	0.205902 
1207	-0.206751	8.4528e-14	0.206751 
1208	-0.207606	2.7943e-13	0.207606 
1209	-0.208468	3.08851e-13	0.208468 
1210	-0.209337	-1.09656e-14	0.209337 
1211	-0.210214	-1.38735e-13	0.210214 
1212	-0.211097	-1.31343e-13	0.211097 
1213	-0.211988	3.19184e-15	0.211988 
1214	-0.212886	8.14423e-14	0.212886 
1215	-0.213792	-1.35983e-14	0.213792 
1216	-0.214705	-2.7398e-14	0.214705 
1217	-0.215626	-9.79975e-14	0.215626 
1218	-0.216555	-5.12023e-14	0.216555 
1219	-0.217491	-1.11568e-13	0.217491 
1220	-0.218435	9.21307e-15	0.218435 
1221	-0.219387	-3.29158e-13	0.219387 
1222	-0.220347	-3.43112e-13	0.220347 
1223	-0.221316	4.57001e-13	0.221316 
1224	-0.222292	2.48892e-13	0.222292 
1225	-0.223277	1.09471e-13	0.223277 
1226	-0.22427	1.24499e-13	0.22427 
1227	-0.225271	-4.75525e-14	0.225271 
1228	-0.226282	4.21495e-14	0.226282 
1229	-0.2273	4.59697e-13	0.2273 
1230	-0.228328	5.08367e-13	0.228328 
1231	-0.229364	2.53133e-14	0.229364 
1232	-0.23041	-1.63359e-14	0.23041 
1233	-0.231464	1.48975e-13	0.231464 
1234	-0.232528	5.28557e-14	0.232528 
1235	-0.2336	-4.06504e-14	0.2336 
1236	-0.234682	-3.03839e-14	0.234682 
1237	-0.235774	-5.37916e-15	0.235774 
1238	-0.236875	-1.75551e-14	0.236875 
1239	-0.237986	1.9505e-14	0.237986 
1240	-0.239107	1.53915e-13	0.239107 
1241	-0.240237	9.63844e-14	0.240237 
1242	-0.241378	-8.72894e-15	0.241378 
1243	-0.242528	3.60195e-14	0.242528 
1244	-0.243689	-4.56058e-14	0.243689 
1245	-0.24486	1.85255e-14	0.24486 
1246	-0.246042	-4.02214e-13	0.246042 
1247	-0.247235	-3.28579e-14	0.247235 
1248	-0.248438	-3.2755e-13	0.248438 
1249	-0.249651	-1.141e-13	0.249651 
1250	-0.250876	-7.61266e-14	0.250876 
1251	-0.252112	2.34242e-13	0.252112 
1252	-0.25336	-7.20373e-14	0.25336 
1253	-0.254618	-3.35093e-14	0.254618 
1254	-0.255888	4.83292e-15	0.255888 
1255	-0.25717	-4.68122e-15	0.25717 
1256	-0.258464	2.55934e-13	0.258464 
1257	-0.259769	5.03185e-14	0.259769 
1258	-0.261087	-8.85941e-14	0.261087 
1259	-0.262416	1.10718e-13	0.262416 
1260	-0.263758	2.27287e-14	0.263758 
1261	-0.265113	1.18067e-13	0.265113 
1262	-0.26648	-5.9751e-14	0.26648 
1263	-0.267861	-1.51014e-13	0.267861 
1264	-0.269254	-2.87674e-14	0.269254 
1265	-0.27066	2.40603e-13	0.27066 
1266	-0.272079	-2.85984e-14	0.272079 
1267	-0.273512	-2.46802e-13	0.273512 
1268	-0.274959	1.38718e-15	0.274959 
1269	-0.27642	-5.08288e-14	0.27642 
1270	-0.277894	2.34048e-13	0.277894 
1271	-0.279383	9.49731e-13	0.279383 
1272	-0.280886	1.2724e-12	0.280886 
1273	-0.282403	1.1497e-12	0.282403 
1274	-0.283935	2.42297e-13	0.283935 
1275	-0.285482	-2.92775e-13	0.285482 
1276	-0.287044	-3.83136e-13	0.287044 
1277	-0.288622	-1.47195e-13	0.288622 
1278	-0.290215	1.94164e-14	0.290215 
1279	-0.291823	1.1059e-13	0.291823 
1280	-0.293447	-3.65509e-14	0.293447 
1281	-0.295088	-8.13636e-14	0.295088 
1282	-0.296745	-7.31714e-14	0.296745 
1283	-0.298418	7.65837e-14	0.298418 
1284	-0.300108	4.07632e-14	0.300108 
1285	-0.301815	1.68537e-13	0.301815 
1286	-0.303539	-1.11296e-13	0.303539 
1287	-0.30528	-8.93381e-14	0.30528 
1288	-0.30704	-2.32792e-13	0.30704 
1289	-0.308816	9.18691e-14	0.308816 
1290	-0.310612	-2.03698e-13	0.310612 
1291	-0.312425	1.24399e-13	0.312425 
1292	-0.314257	1.69966e-13	0.314257 
1293	-0.316108	-6.67856e-13	0.316108 
1294	-0.317978	-3.78911e-13	0.317978 
1295	-0.319867	2.92321e-14	0.319867 
1296	-0.321776	2.18714e-13	0.321776 
1297	-0.323705	1.87509e-14	0.323705 
1298	-0.325654	-4.04457e-14	0.325654 
1299	-0.327624	-6.38978e-14	0.327624 
1300	-0.329614	1.09308e-13	0.329614 
1301	-0.331625	-1.52643e-13	0.331625 
1302	-0.333658	7.0556e-14	0.333658 
1303	-0.335712	-1.9168e-14	0.335712 
1304	-0.337788	-5.91834e-14	0.337788 
1305	-0.339886	-3.56599e-14	0.339886 
1306	-0.342007	-7.36711e-14	0.342007 
1307	-0.344151	2.93228e-14	0.344151 
1308	-0.346318	1.81259e-13	0.346318 
1309	-0.348509	4.0681e-13	0.348509 
1310	-0.350724	2.77464e-13	0.350724 
1311	-0.352962	1.38857e-13	0.352962 
1312	-0.355226	-1.22046e-13	0.355226 
1313	-0.357514	-3.93032e-14	0.357514 
1314	-0.359828	-4.92008e-14	0.359828 
1315	-0.362167	7.76467e-14	0.362167 
1316	-0.364533	-4.62749e-14	0.364533 
1317	-0.366924	3.93744e-14	0.366924 
1318	-0.369343	-7.16143e-14	0.369343 
1319	-0.371789	-6.87189e-16	0.371789 
1320	-0.374263	-3.47209e-14	0.374263 
1321	-0.376765	9.51214e-14	0.376765 
1322	-0.379295	-1.14722e-14	0.379295 
1323	-0.381854	-2.11071e-13	0.381854 
1324	-0.384443	-8.58969e-14	0.384443 
1325	-0.387062	-3.16517e-14	0.387062 
1326	-0.38971	3.70085e-14	0.38971 
1327	-0.39239	1.84003e-13	0.39239 
1328	-0.395101	-2.07484e-13	0.395101 
1329	-0.397843	-1.05956e-13	0.397843 
1330	-0.400618	3.19395e-13	0.400618 
1331	-0.403426	4.50418e-13	0.403426 
1332	-0.406267	-1.65524e-13	0.406267 
1333	-0.409142	-5.22049e-14	0.409142 
1334	-0.412051	1.46426e-14	0.412051 
1335	-0.414994	3.62245e-14	0.414994 
1336	-0.417974	-3.3546e-13	0.417974 
1337	-0.420989	-1.68012e-13	0.420989 
1338	-0.424041	-1.07464e-13	0.424041 
1339	-0.427131	-3.01767e-14	0.427131 
1340	-0.430258	9.80943e-14	0.430258 
1341	-0.433423	6.75917e-14	0.433423 
1342	-0.436628	8.606e-15	0.436628 
1343	-0.439872	-9.49577e-15	0.439872 
1344	-0.443157	-1.55163e-14	0.443157 
1345	-0.446482	4.41933e-14	0.446482 
1346	-0.44985	1.74944e-13	0.44985 
1347	-0.45326	-3.46807e-13	0.45326 
1348	-0.456713	2.25726e-14	0.456713 
1349	-0.46021	-2.113e-13	0.46021 
1350	-0.463752	-1.55008e-13	0.463752 
1351	-0.467339	5.72695e-14	0.467339 
1352	-0.470972	2.48744e-13	0.470972 
1353	-0.474653	-1.47444e-13	0.474653 
1354	-0.478381	9.99049e-14	0.478381 
1355	-0.482158	-5.91587e-14	0.482158 
1356	-0.485984	-7.70077e-14	0.485984 
1357	-0.489861	7.81953e-13	0.489861 
1358	-0.49379	4.50935e-13	0.49379 
1359	-0.49777	8.69314e-14	0.49777 
1360	-0.501804	-1.63195e-13	0.501804 
1361	-0.505892	3.07567e-13	0.505892 
1362	-0.510034	-3.37724e-14	0.510034 
1363	-0.514233	8.2269e-14	0.514233 
1364	-0.51849	-1.59229e-13	0.51849 
1365	-0.522804	-1.12498e-13	0.522804 
1366	-0.527178	1.91539e-13	0.527178 
1367	-0.531611	2.44444e-13	0.531611 
1368	-0.536107	4.97746e-14	0.536107 
1369	-0.540665	-5.46322e-14	0.540665 
1370	-0.545287	-9.44585e-14	0.545287 
1371	-0.549974	2.61766e-13	0.549974 
1372	-0.554727	9.79655e-13	0.554727 
1373	-0.559548	1.45211e-12	0.559548 
1374	-0.564438	9.24883e-13	0.564438 
1375	-0.569398	1.80638e-13	0.569398 
1376	-0.574429	-2.22467e-13	0.574429 
1377	-0.579534	-4.69444e-13	0.579534 
1378	-0.584713	-1.05183e-13	0.584713 
1379	-0.589967	2.7822e-15	0.589967 
1380	-0.595299	1.01188e-13	0.595299 
1381	-0.60071	-1.1291e-13	0.60071 
1382	-0.606202	-1.14665e-13	0.606202 
1383	-0.611775	-3.58757e-14	0.611775 
1384	-0.617433	-1.23791e-13	0.617433 
1385	-0.623176	1.79431e-13	0.623176 
1386	-0.629006	1.09656e-13	0.629006 
1387	-0.634925	-1.22104e-13	0.634925 
1388	-0.640935	-1.48073e-13	0.640935 
1389	-0.647038	3.78793e-14	0.647038 
1390	-0.653236	2.78912e-14	0.653236 
1391	-0.659531	-2.08795e-13	0.659531 
1392	-0.665924	2.52676e-13	0.665924 
1393	-0.672418	1.08868e-13	0.672418 
1394	-0.679015	-5.95586e-13	0.679015 
1395	-0.685718	-3.12144e-13	0.685718 
1396	-0.692528	1.7084e-13	0.692528 
1397	-0.699449	4.81314e-13	0.699449 
1398	-0.706481	1.19758e-13	0.706481 
1399	-0.713629	-1.32861e-13	0.713629 
1400	-0.720894	-1.52137e-13	0.720894 
1401	-0.728279	3.24849e-14	0.728279 
1402	-0.735787	-2.53093e-13	0.735787 
1403	-0.743421	1.66952e-14	0.743421 
1404	-0.751183	-1.13067e-13	0.751183 
1405	-0.759076	-1.84365e-13	0.759076 
1406	-0.767104	-6.20387e-14	0.767104 
1407	-0.775269	-1.53334e-13	0.775269 
1408	-0.783575	-5.7887e-14	0.783575 
1409	-0.792026	1.4012e-14	0.792026 
1410	-0.800624	-9.47145e-14	0.800624 
1411	-0.809373	7.64224e-14	0.809373 
1412	-0.818276	-1.38181e-13	0.818276 
1413	-0.827338	-1.05595e-13	0.827338 
1414	-0.836562	1.59003e-13	0.836562 
1415	-0.845953	-2.02008e-13	0.845953 
1416	-0.855514	-2.4996e-13	0.855514 
1417	-0.86525	5.37514e-14	0.86525 
1418	-0.875164	-1.97021e-13	0.875164 
1419	-0.885263	2.23367e-14	0.885263 
1420	-0.895549	7.81117e-14	0.895549 
1421	-0.906028	-1.18345e-12	0.906028 
1422	-0.916706	-9.48269e-13	0.916706 
1423	-0.927586	3.69357e-13	0.927586 
1424	-0.938675	-1.56761e-13	0.938675 
1425	-0.949977	-1.00417e-13	0.949977 
1426	-0.9615	4.30534e-13	0.9615 
1427	-0.973247	-1.29126e-13	0.973247 
1428	-0.985227	-4.9534e-15	0.985227 
1429	-0.997444	1.51996e-13	0.997444 
1430	-1.00991	-2.36514e-13	1.00991 
1431	-1.02262	-5.71836e-14	1.02262 
1432	-1.03559	1.29732e-13	1.03559 
1433	-1.04882	-2.32994e-13	1.04882 
1434	-1.06233	1.67022e-14	1.06233 
1435	-1.07612	4.27661e-14	1.07612 
1436	-1.0902	-1.76104e-13	1.0902 
1437	-1.10457	-2.79347e-13	1.10457 
1438	-1.11925	-6.61708e-14	1.11925 
1439	-1.13424	-1.28478e-13	1.13424 
1440	-1.14956	5.55935e-14	1.14956 
1441	-1.16521	2.48434e-14	1.16521 
1442	-1.18121	-7.79828e-15	1.18121 
1443	-1.19756	-1.72987e-13	1.19756 
1444	-1.21427	3.9672e-14	1.21427 
1445	-1.23136	-1.94982e-14	1.23136 
1446	-1.24883	-2.89866e-14	1.24883 
1447	-1.26671	4.11513e-14	1.26671 
1448	-1.285	-5.28386e-14	1.285 
1449	-1.30371	-1.08612e-13	1.30371 
1450	-1.32287	1.02486e-13	1.32287 
1451	-1.34248	-3.57981e-14	1.34248 
1452	-1.36255	2.15852e-15	1.36255 
1453	-1.38312	2.09301e-14	1.38312 
1454	-1.40418	-1.09109e-13	1.40418 
1455	-1.42576	1.05661e-13	1.42576 
1456	-1.44787	-4.43111e-14	1.44787 
1457	-1.47054	-1.26937e-13	1.47054 
1458	-1.49379	5.1352e-13	1.49379 
1459	-1.51762	3.35528e-13	1.51762 
1460	-1.54207	1.10687e-13	1.54207 
1461	-1.56716	-2.95093e-13	1.56716 
1462	-1.59291	2.10822e-13	1.59291 
1463	-1.61934	-2.37789e-13	1.61934 
1464	-1.64649	3.29474e-14	1.64649 
1465	-1.67436	-1.51537e-13	1.67436 
1466	-1.70301	-6.91221e-14	1.70301 
1467	-1.73245	8.03533e-14	1.73245 
1468	-1.76271	-2.86372e-14	1.76271 
1469	-1.79383	-3.10086e-14	1.79383 
1470	-1.82584	2.4776e-15	1.82584 
1471	-1.85877	4.4146e-14	1.85877 
1472	-1.89268	9.37979e-15	1.89268 
1473	-1.92759	3.55718e-14	1.92759 
1474	-1.96354	1.41281e-13	1.96354 
1475	-2.00058	-2.34183e-13	2.00058 
1476	-2.03877	-6.51498e-14	2.03877 
1477	-2.07814	3.6446e-14	2.07814 
1478	-2.11875	-1.87356e-13	2.11875 
1479	-2.16065	1.72375e-13	2.16065 
1480	-2.20391	3.95551e-14	2.20391 
1481	-2.24858	-2.16352e-13	2.24858 
1482	-2.29473	2.53172e-13	2.29473 
1483	-2.34243	-2.42763e-13	2.34243 
1484	-2.39176	-1.24615e-13	2.39176 
1485	-2.44279	1.61357e-12	2.44279 
1486	-2.4956	1.70152e-12	2.4956 
1487	-2.55029	-6.5336e-14	2.55029 
1488	-2.60695	-3.12045e-13	2.60695 
1489	-2.66568	3.26694e-13	2.66568 
1490	-2.72659	-4.01358e-13	2.72659 
1491	-2.7898	5.85328e-14	2.7898 
1492	-2.85542	6.13294e-14	2.85542 
1493	-2.9236	-1.63809e-13	2.9236 
1494	-2.99447	1.07723e-13	2.99447 
1495	-3.06819	-3.76241e-14	3.06819 
1496	-3.14492	-6.1303e-15	3.14492 
1497	-3.22484	1.26386e-13	3.22484 
1498	-3.30814	2.57042e-13	3.30814 
1499	-3.39502	5.63877e-14	3.39502 
1500	-3.48572	-4.8749e-14	3.48572 
1501	-3.58047	-2.20351e-13	3.58047 
1502	-3.67953	-9.32212e-14	3.67953 
1503	-3.78319	-9.78152e-14	3.78319 
1504	-3.89176	-1.68135e-13	3.89176 
1505	-4.00557	-3.96873e-14	4.00557 
1506	-4.12501	-1.89348e-13	4.12501 
1507	-4.25046	-3.20527e-14	4.25046 
1508	-4.38238	-1.00703e-13	4.38238 
1509	-4.52126	-1.47774e-13	4.52126 
1510	-4.66762	-5.01029e-14	4.66762 
1511	-4.82208	-1.08558e-13	4.82208 
1512	-4.98527	-2.08605e-14	4.98527 
1513	-5.15794	-1.02431e-13	5.15794 
1514	-5.34089	-3.1201e-14	5.34089 
1515	-5.53504	-6.38642e-15	5.53504 
1516	-5.74139	-1.56704e-13	5.74139 
1517	-5.9611	-3.07005e-13	5.9611 
1518	-6.19544	6.04744e-14	6.19544 
1519	-6.44587	-2.24778e-13	6.44587 
1520	-6.71405	-8.07674e-14	6.71405 
1521	-7.00186	1.78199e-14	7.00186 
1522	-7.31146	-1.19916e-12	7.31146 
1523	-7.64534	-1.04122e-12	7.64534 
1524	-8.00639	4.76249e-13	8.00639 
1525	-8.39794	-5.65017e-15	8.39794 
1526	-8.82393	-2.73925e-14	8.82393 
1527	-9.28897	4.64436e-13	9.28897 
1528	-9.79854	-1.5322e-13	9.79854 
1529	-10.3592	-1.74573e-13	10.3592 
1530	-10.9788	2.05888e-13	10.9788 
1531	-11.667	-3.01467e-13	11.667 
1532	-12.4356	-1.20868e-13	12.4356 
1533	-13.2992	1.07787e-13	13.2992 
1534	-14.2763	-3.86513e-13	14.2763 
1535	-15.3904	-7.06528e-14	15.3904 
1536	-16.672	-1.17083e-14	16.672 
1537	-18.1614	-2.69935e-13	18.1614 
1538	-19.9129	-6.11226e-14	19.9129 
1539	-22.0015	-1.67427e-14	22.0015 
1540	-24.5337	-1.96721e-13	24.5337 
1541	-27.6662	-1.09677e-13	27.6662 
1542	-31.6392	-3.12468e-13	31.6392 
1543	-36.8409	-2.40203e-13	36.8409 
1544	-43.9417	-4.40778e-13	43.9417 
1545	-54.2079	-3.90175e-13	54.2079 
1546	-70.3529	-4.19518e-13	70.3529 
1547	-99.4319	-6.47817e-13	99.4319 
1548	-167.314	-1.07875e-12	167.314 
1549	-506.82	-3.18658e-12	506.82 
1550	511.796	3.10065e-12	511.796 
1551	172.291	1.0695e-12	172.291 
1552	104.411	6.29157e-13	104.411 
1553	75.3352	3.69698e-13	75.3352 
1554	59.1941	3.86367e-13	59.1941 
1555	48.933	3.38753e-13	48.933 
1556	41.8382	1.71482e-13	41.8382 
1557	36.6434	2.44887e-13	36.6434 
1558	32.6784	1.39938e-13	32.6784 
1559	29.555	4.93519e-14	29.555 
1560	27.0329	1.06881e-13	27.0329 
1561	24.9554	3.00213e-14	24.9554 
1562	23.2161	1.37484e-13	23.2161 
1563	21.74	1.40068e-13	21.74 
1564	20.4727	-7.9039e-15	20.4727 
1565	19.3741	1.67932e-13	19.3741 
1566	18.4137	-3.19233e-14	18.4137 
1567	17.5679	6.91372e-14	17.5679 
1568	16.8183	1.3749e-13	16.8183 
1569	16.1503	-2.5877e-14	16.1503 
1570	15.5521	7.98878e-14	15.5521 
1571	15.0141	5.98302e-14	15.0141 
1572	14.5285	-2.0065e-14	14.5285 
1573	14.0888	-1.57576e-15	14.0888 
1574	13.6894	-4.68859e-14	13.6894 
1575	13.3259	-3.55829e-14	13.3259 
1576	12.9944	-3.73135e-14	12.9944 
1577	12.6914	1.4158e-14	12.6914 
1578	12.4143	1.18602e-13	12.4143 
1579	12.1606	1.7493e-16	12.1606 
1580	11.9281	1.07448e-13	11.9281 
1581	11.715	1.06682e-13	11.715 
1582	11.5197	-1.47018e-13	11.5197 
1583	11.3409	2.52977e-13	11.3409 
1584	11.1773	-1.29506e-13	11.1773 
1585	11.0279	-1.02727e-13	11.0279 
1586	10.8916	1.67337e-12	10.8916 
1587	10.7677	1.70838e-12	10.7677 
1588	10.6555	-1.47371e-13	10.6555 
1589	10.5543	-2.83973e-13	10.5543 
1590	10.4636	4.66843e-13	10.4636 
1591	10.3828	-4.44187e-13	10.3828 
1592	10.3116	-5.3141e-14	10.3116 
1593	10.2496	1.53012e-13	10.2496 
1594	10.1964	-2.59008e-13	10.1964 
1595	10.1518	2.42642e-13	10.1518 
1596	10.1157	-3.47277e-14	10.1157 
1597	10.0877	-1.52038e-13	10.0877 
1598	10.0678	1.41875e-13	10.0678 
1599	10.0559	-2.35848e-14	10.0559 

