0	0	1.2261e-15	1.2261e-15 
0.063125	90.7029	3.4795e-15	90.7029 
0.12625	129.195	-1.72709e-15	129.195 
0.189375	102.426	1.44244e-14	102.426 
0.2525	43.066	9.36752e-15	43.066 
0.315625	-0.574455	1.44631e-14	0.574455 
0.37875	-3.90221	-2.18419e-15	3.90221 
0.441875	18.9843	1.33106e-15	18.9843 
0.505	34.8675	3.72785e-14	34.8675 
0.568125	24.6212	-2.6985e-14	24.6212 
0.63125	-1.16097	-1.13194e-14	1.16097 
0.694375	-16.6079	3.10012e-15	16.6079 
0.7575	-8.52444	-9.62649e-15	8.52444 
0.820625	10.4668	5.69233e-15	10.4668 
0.88375	16.003	-1.04795e-15	16.003 
0.946875	-1.78248	1.48649e-15	1.78248 
1.01	-27.0505	1.13957e-14	27.0505 
1.07313	-34.2639	-1.99684e-14	34.2639 
1.13625	-16.0624	-3.41463e-15	16.0624 
1.19938	5.42814	-1.03114e-14	5.42814 
1.2625	-2.53357	-2.35687e-14	2.53357 
1.32563	-49.9876	5.35926e-15	49.9876 
1.38875	-108.133	-1.15101e-14	108.133 
1.45188	-128.29	-1.4223e-15	128.29 
1.515	-82.0985	1.42416e-14	82.0985 
1.57812	11.7091	-2.73775e-15	11.7091 
1.64125	98.5545	3.42434e-15	98.5545 
1.70437	129.163	1.42912e-14	129.163 
1.7675	96.2613	-3.73088e-15	96.2613 
1.83062	36.3869	-2.74537e-15	36.3869 
1.89375	-3.09028	7.83383e-15	3.09028 
1.95687	-1.99946	-5.26367e-15	1.99946 
2.02	21.793	2.03219e-14	21.793 
2.08312	35.0807	-5.40228e-15	35.0807 
2.14625	21.9633	2.18089e-15	21.9633 
2.20938	-3.94843	-1.87368e-15	3.94843 
2.2725	-16.8622	9.72279e-15	16.8622 
2.33562	-6.41987	-1.28928e-14	6.41987 
2.39875	12.2092	-1.37305e-14	12.2092 
2.46188	15.0505	4.88377e-15	15.0505 
2.525	-4.83966	-4.89471e-15	4.83966 
2.58812	-29.2134	-4.60292e-15	29.2134 
2.65125	-33.2798	-7.7667e-15	33.2798 
2.71437	-13.0818	-8.26856e-15	13.0818 
2.7775	6.52903	-9.62649e-15	6.52903 
2.84063	-6.22301	7.11341e-15	6.22301 
2.90375	-57.079	1.35182e-14	57.079 
2.96687	-113.303	-3.48731e-15	113.303 
3.03	-126.433	-6.72309e-15	126.433 
3.09313	-72.8076	7.74276e-15	72.8076 
3.15625	23.3177	7.06588e-15	23.3177 
3.21937	105.596	1.26924e-14	105.596 
3.2825	128.221	1.05374e-14	128.221 
3.34563	89.7201	1.282e-14	89.7201 
3.40875	30.0176	1.19378e-14	30.0176 
3.47187	-5.01138	-6.3961e-15	5.01138 
3.535	0.22792	4.81953e-15	0.22792 
3.59813	24.4374	-5.04701e-15	24.4374 
3.66125	34.9001	5.82173e-16	34.9001 
3.72438	19.1177	-2.5144e-14	19.1177 
3.7875	-6.54048	1.82024e-15	6.54048 
3.85062	-16.7687	1.96198e-15	16.7687 
3.91375	-4.19359	-2.94697e-14	4.19359 
3.97688	13.7167	-4.02022e-15	13.7167 
4.04	13.759	-1.39611e-15	13.759 
4.10313	-7.96611	1.80254e-14	7.96611 
4.16625	-31.0762	-8.29414e-15	31.0762 
4.22938	-31.9315	-9.03008e-15	31.9315 
4.2925	-10.0995	-2.80681e-14	10.0995 
4.35562	7.16136	-1.64617e-14	7.16136 
4.41875	-10.4748	7.23523e-15	10.4748 
4.48187	-64.2633	-1.23288e-14	64.2633 
4.545	-117.862	8.79116e-15	117.862 
4.60813	-123.615	1.04144e-14	123.615 
4.67125	-62.9035	9.22894e-15	62.9035 
4.73438	34.7265	8.16254e-15	34.7265 
4.7975	111.777	-1.47665e-15	111.777 
4.86062	126.403	2.03562e-15	126.403 
4.92375	82.8863	4.00159e-16	82.8863 
4.98688	24.0195	5.14013e-15	24.0195 
5.05	-6.3433	1.92517e-14	6.3433 
5.11313	2.72464	-2.34528e-14	2.72464 
5.17625	26.87	2.39679e-15	26.87 
5.23937	34.3289	4.60635e-15	34.3289 
5.3025	16.1279	-1.09317e-14	16.1279 
5.36562	-8.90115	7.77614e-16	8.90115 
5.42875	-16.3357	-6.24377e-15	16.3357 
5.49188	-1.88801	-1.81078e-14	1.88801 
5.555	14.9585	2.10107e-15	14.9585 
5.61813	12.1426	4.33919e-15	12.1426 
5.68125	-11.1158	-1.11626e-14	11.1158 
5.74437	-32.6094	-1.15826e-14	32.6094 
5.8075	-30.2416	-1.66945e-14	30.2416 
5.87063	-7.17398	-1.12979e-14	7.17398 
5.93375	7.28709	-8.54089e-15	7.28709 
5.99688	-15.2615	-4.25244e-15	15.2615 
6.06	-71.4601	3.84993e-16	71.4601 
6.12312	-121.74	2.27836e-14	121.74 
6.18625	-119.842	-5.921e-15	119.842 
6.24937	-52.4669	9.67786e-15	52.4669 
6.3125	45.8382	8.31116e-16	45.8382 
6.37563	117.06	2.6795e-15	117.06 
6.43875	123.754	9.68022e-15	123.754 
6.50188	75.8452	8.67527e-15	75.8452 
6.565	18.4476	1.17025e-14	18.4476 
6.62812	-7.09946	6.01984e-15	7.09946 
6.69125	5.43312	3.35375e-15	5.43312 
6.75437	29.048	6.87674e-15	29.048 
6.8175	33.3762	-8.97825e-15	33.3762 
6.88063	13.0393	-1.94052e-14	13.0393 
6.94375	-10.9984	2.76375e-15	10.9984 
7.00687	-15.5771	1.34615e-15	15.5771 
7.07	0.453236	-1.72991e-14	0.453236 
7.13312	15.9078	5.99297e-15	15.9078 
7.19625	10.2208	5.65402e-16	10.2208 
7.25938	-14.242	-6.28248e-16	14.242 
7.3225	-33.7888	2.83964e-15	33.7888 
7.38563	-28.2388	-1.10275e-14	28.2388 
7.44875	-4.36473	-1.51042e-14	4.36473 
7.51187	6.87424	4.37396e-15	6.87424 
7.575	-20.5478	-1.28731e-14	20.5478 
7.63812	-78.5863	1.59167e-14	78.5863 
7.70125	-124.874	4.08318e-15	124.874 
7.76438	-115.126	-5.74914e-16	115.126 
7.8275	-41.584	4.83965e-15	41.584 
7.89062	56.5592	-1.88378e-15	56.5592 
7.95375	121.413	7.35193e-15	121.413 
8.01688	120.325	-1.47494e-16	120.325 
8.08	68.6818	6.22371e-15	68.6818 
8.14312	13.3497	-6.87915e-16	13.3497 
8.20625	-7.30073	3.01447e-14	7.30073 
8.26938	8.29438	-5.82175e-15	8.29438 
8.3325	30.9336	2.86058e-14	30.9336 
8.39563	32.0574	-1.64635e-14	32.0574 
8.45875	9.89845	-7.79306e-15	9.89845 
8.52187	-12.8048	3.63314e-15	12.8048 
8.585	-14.5118	-2.1158e-14	14.5118 
8.64813	2.78592	-6.32375e-15	2.78592 
8.71125	16.5426	3.16034e-15	16.5426 
8.77437	8.01815	-1.08052e-16	8.01815 
8.8375	-17.2979	6.00732e-15	17.2979 
8.90062	-34.5956	2.48447e-14	34.5956 
8.96375	-25.9576	-8.36522e-15	25.9576 
9.02688	-1.73118	-1.56399e-14	1.73118 
9.09	5.89759	-1.4176e-14	5.89759 
9.15312	-26.2905	5.24908e-15	26.2905 
9.21625	-85.5573	8.24432e-16	85.5573 
9.27937	-127.207	3.29482e-15	127.207 
9.3425	-109.492	8.30994e-15	109.492 
9.40563	-30.3461	1.02352e-14	30.3461 
9.46875	66.7998	5.44478e-15	66.7998 
9.53187	124.818	1.67682e-14	124.818 
9.595	116.176	-1.41906e-14	116.176 
9.65813	61.4801	1.36494e-14	61.4801 
9.72125	8.76605	2.11553e-14	8.76605 
9.78438	-6.97503	7.94623e-15	6.97503 
9.8475	11.2489	-5.33822e-15	11.2489 
9.91062	32.4946	1.24064e-14	32.4946 
9.97375	30.3936	-3.53452e-15	30.3936 
10.0369	6.75221	-1.93481e-14	6.75221 
10.1	-14.2977	1.74616e-15	14.2977 
10.1631	-13.1639	-2.39817e-15	13.1639 
10.2263	5.06597	-1.14759e-14	5.06597 
10.2894	16.8457	-1.78831e-14	16.8457 
10.3525	5.56402	1.03075e-14	5.56402 
10.4156	-20.2373	-1.47343e-14	20.2373 
10.4787	-35.0166	-5.33064e-15	35.0166 
10.5419	-23.4378	-1.27596e-14	23.4378 
10.605	0.668148	-7.77545e-15	0.668148 
10.6681	4.33907	-2.09372e-14	4.33907 
10.7312	-32.439	-1.33529e-14	32.439 
10.7944	-92.288	-1.20311e-14	92.288 
10.8575	-128.691	1.69337e-14	128.691 
10.9206	-102.973	-1.12792e-15	102.973 
10.9838	-18.8484	4.25696e-15	18.8484 
11.0469	76.4761	8.46983e-15	76.4761 
11.11	127.264	1.49634e-14	127.264 
11.1731	111.373	5.3684e-15	111.373 
11.2363	54.3223	-6.88416e-15	54.3223 
11.2994	4.72888	-1.06275e-14	4.72888 
11.3625	-6.15674	2.20078e-15	6.15674 
11.4256	14.2374	-1.45802e-14	14.2374 
11.4887	33.7044	1.8007e-14	33.7044 
11.5519	28.4111	-1.95987e-14	28.4111 
11.615	3.64715	-1.35924e-14	3.64715 
11.6781	-15.4595	5.22552e-15	15.4595 
11.7413	-11.5616	-9.91993e-15	11.5616 
11.8044	7.25013	-2.01195e-14	7.25013 
11.8675	16.8054	-2.50876e-15	16.8054 
11.9306	2.89196	1.45497e-14	2.89196 
11.9938	-23.0154	1.45373e-14	23.0154 
12.0569	-35.0449	-4.56125e-15	35.0449 
12.12	-20.724	-6.09066e-15	20.724 
12.1831	2.77644	-2.97404e-14	2.77644 
12.2462	2.18829	-8.33269e-15	2.18829 
12.3094	-38.9357	2.92522e-15	38.9357 
12.3725	-98.6937	7.68586e-17	98.6937 
12.4356	-129.285	4.83695e-15	129.285 
12.4987	-95.6124	-2.56688e-15	95.6124 
12.5619	-7.18911	4.18041e-15	7.18911 
12.625	85.51	-2.67529e-15	85.51 
12.6881	128.752	1.02827e-14	128.752 
12.7513	105.986	5.1763e-17	105.986 
12.8144	47.2877	4.14085e-15	47.2877 
12.8775	1.26239	-8.34297e-15	1.26239 
12.9406	-4.88611	-2.47251e-14	4.88611 
13.0038	17.2019	1.97674e-16	17.2019 
13.0669	34.543	1.62098e-14	34.543 
13.13	26.141	-6.71105e-15	26.141 
13.1931	0.628769	2.17203e-16	0.628769 
13.2562	-16.2783	5.57522e-15	16.2783 
13.3194	-9.73767	-8.59473e-15	9.73767 
13.3825	9.29668	-1.2679e-14	9.29668 
13.4456	16.4156	3.17751e-15	16.4156 
13.5087	0.0393516	1.099e-14	0.0393516 
13.5719	-25.5896	2.91724e-15	25.5896 
13.635	-34.68	1.46197e-14	34.68 
13.6981	-17.8653	-2.16956e-14	17.8653 
13.7613	4.53951	-1.07767e-15	4.53951 
13.8244	-0.557213	-1.42275e-15	0.557213 
13.8875	-45.7168	-8.04383e-15	45.7168 
13.9506	-104.691	3.43894e-15	104.691 
14.0137	-128.957	1.51905e-14	128.957 
14.0769	-87.4625	1.43694e-14	87.4625 
14.14	4.53192	-2.14603e-15	4.53192 
14.2031	93.8307	-1.47617e-14	93.8307 
14.2662	129.293	1.78016e-14	129.293 
14.3294	100.093	1.43035e-14	100.093 
14.3925	40.4515	-3.01282e-15	40.4515 
14.4556	-1.61754	-6.72401e-15	1.61754 
14.5188	-3.20856	-6.39478e-17	3.20856 
14.5819	20.0864	-1.27088e-14	20.0864 
14.645	34.9965	1.48515e-14	34.9965 
14.7081	23.6187	-1.53579e-14	23.6187 
14.7713	-2.25925	-1.63198e-14	2.25925 
14.8344	-16.7477	5.3564e-16	16.7477 
14.8975	-7.72793	-1.72132e-14	7.72793 
14.9606	11.1661	-2.20326e-14	11.1661 
15.0237	15.6757	-2.42508e-15	15.6757 
15.0869	-2.95321	2.48685e-15	2.95321 
15.15	-27.9202	2.10411e-15	27.9202 
15.2131	-33.9278	2.63662e-15	33.9278 
15.2762	-14.9141	-7.30213e-15	14.9141 
15.3394	5.90661	-2.09347e-14	5.90661 
15.4025	-3.89173	-1.37789e-14	3.89173 
15.4656	-52.7129	-1.26314e-14	52.7129 
15.5288	-110.199	1.27027e-14	110.199 
15.5919	-127.686	7.92419e-15	127.686 
15.655	-78.5845	1.06514e-15	78.5845 
15.7181	16.214	2.5081e-15	16.214 
15.7812	101.375	-3.79752e-15	101.375 
15.8444	128.905	1.10431e-14	128.905 
15.9075	93.7727	3.41073e-15	93.7727 
15.9706	33.8844	-9.39406e-15	33.8844 
16.0338	-3.90331	-1.22342e-14	3.90331 
16.0969	-1.17394	-3.45939e-15	1.17394 
16.16	22.8375	-4.84593e-15	22.8375 
16.2231	35.0575	9.26796e-15	35.0575 
16.2862	20.8832	-4.61667e-15	20.8832 
16.3494	-4.97567	-6.89239e-15	4.97567 
16.4125	-16.8669	2.40657e-14	16.8669 
16.4756	-5.5714	2.80717e-15	5.5714 
16.5388	12.8216	-1.64478e-14	12.8216 
16.6019	14.5908	7.17493e-15	14.5908 
16.665	-6.04254	2.48899e-14	6.04254 
16.7281	-29.9708	-2.14164e-14	29.9708 
16.7913	-32.8006	-5.13856e-15	32.8006 
16.8544	-11.926	-1.27623e-14	11.926 
16.9175	6.83124	-8.75884e-15	6.83124 
16.9806	-7.80127	-7.02225e-16	7.80127 
17.0437	-59.8496	-3.32396e-16	59.8496 
17.1069	-115.142	2.43943e-14	115.142 
17.17	-125.457	1.59545e-14	125.457 
17.2331	-69.0474	5.25921e-15	69.0474 
17.2963	27.7571	-3.98085e-15	27.7571 
17.3594	108.089	1.44263e-14	108.089 
17.4225	127.62	1.6727e-15	127.62 
17.4856	87.1084	1.91761e-15	87.1084 
17.5487	27.6517	-5.07219e-15	27.6517 
17.6119	-5.59555	-1.15301e-14	5.59555 
17.675	1.16426	1.21591e-14	1.16426 
17.7381	25.4053	-1.07966e-14	25.4053 
17.8012	34.7253	1.40194e-14	34.7253 
17.8644	17.9766	-1.02515e-14	17.9766 
17.9275	-7.48233	-4.34248e-15	7.48233 
17.9906	-16.6409	1.7156e-14	16.6409 
18.0538	-3.30935	-1.68993e-14	3.30935 
18.1169	14.2299	-5.78392e-15	14.2299 
18.18	13.1717	7.495e-15	13.1717 
18.2431	-9.18349	4.74152e-15	9.18349 
18.3062	-31.7094	-1.86817e-14	31.7094 
18.3694	-31.3173	-6.48753e-15	31.3173 
18.4325	-8.95858	-8.6698e-15	8.95858 
18.4956	7.27193	-1.43183e-14	7.27193 
18.5587	-12.2635	4.74119e-15	12.2635 
18.6219	-67.0484	-7.37017e-15	67.0484 
18.685	-119.445	3.5646e-15	119.445 
18.7481	-122.269	1.35956e-14	122.269 
18.8113	-58.9276	9.81819e-15	58.9276 
18.8744	39.0624	-1.63253e-15	39.0624 
18.9375	113.928	-9.17544e-15	113.928 
19.0006	125.475	2.12814e-14	125.475 
19.0637	80.1844	7.55505e-15	80.1844 
19.1269	21.8123	-2.09362e-15	21.8123 
19.19	-6.70289	-1.10289e-14	6.70289 
19.2531	3.74977	-2.21161e-15	3.74977 
19.3163	27.7444	2.80454e-15	27.7444 
19.3794	34.0051	1.68798e-14	34.0051 
19.4425	14.9431	-7.02116e-15	14.9431 
19.5056	-9.74474	-4.98323e-15	9.74474 
19.5688	-16.0801	-9.77619e-15	16.0801 
19.6319	-0.984759	5.16411e-15	0.984759 
19.695	15.3615	-3.10549e-15	15.3615 
19.7581	11.4346	6.25486e-15	11.4346 
19.8212	-12.3297	1.26735e-14	12.3297 
19.8844	-33.1085	-2.83967e-14	33.1085 
19.9475	-29.5027	3.67095e-15	29.5027 
20.0106	-6.07095	1.82272e-15	6.07095 
20.0738	7.19289	-2.2018e-14	7.19289 
20.1369	-17.248	-5.07057e-15	17.248 
20.2	-74.2278	-1.13089e-14	74.2278 
20.2631	-123.043	2.4115e-14	123.043 
20.3263	-118.13	-1.45153e-15	118.13 
20.3894	-48.3079	9.89879e-17	48.3079 
20.4525	50.034	8.06437e-16	50.034 
20.5156	118.854	6.7246e-15	118.854 
20.5787	122.518	1.33128e-14	122.518 
20.6419	73.0859	7.5767e-15	73.0859 
20.705	16.4184	-1.57676e-14	16.4184 
20.7681	-7.24168	1.45552e-15	7.24168 
20.8313	6.52435	1.48966e-14	6.52435 
20.8944	29.8135	4.4774e-15	29.8135 
20.9575	32.9088	3.99775e-15	32.9088 
21.0206	11.8288	-4.67406e-15	11.8288 
21.0837	-11.7326	-1.0253e-14	11.7326 
21.1469	-15.2004	5.49048e-15	15.2004 
21.21	1.35843	-3.83532e-15	1.35843 
21.2731	16.1916	-1.17274e-14	16.1916 
21.3362	9.40109	6.33023e-15	9.40109 
21.3994	-15.4343	5.18247e-15	15.4343 
21.4625	-34.1457	1.46134e-15	34.1457 
21.5256	-27.3879	-4.36198e-15	27.3879 
21.5888	-3.32261	-1.30399e-14	3.32261 
21.6519	6.5647	-1.53314e-14	6.5647 
21.715	-22.7163	-1.55152e-14	22.7163 
21.7781	-81.3042	6.45564e-15	81.3042 
21.8412	-125.873	6.01538e-15	125.873 
21.9044	-113.056	4.9108e-15	113.056 
21.9675	-37.2767	8.92361e-15	37.2767 
22.0306	60.5796	-6.53857e-15	60.5796 
22.0938	122.843	2.97464e-15	122.843 
22.1569	118.803	1.05266e-14	118.803 
22.22	65.8978	-9.64553e-15	65.8978 
22.2831	11.5149	-6.35639e-15	11.5149 
22.3463	-7.23556	5.19723e-16	7.23556 
22.4094	9.42871	6.29798e-15	9.42871 
22.4725	31.5771	-3.45558e-15	31.5771 
22.5356	31.4538	8.10146e-15	31.4538 
22.5987	8.68027	-1.97723e-15	8.68027 
22.6619	-13.4202	-1.3126e-15	13.4202 
22.725	-14.0228	1.29901e-14	14.0228 
22.7881	3.67596	1.2258e-14	3.67596 
22.8513	16.6998	-8.56676e-15	16.6998 
22.9144	7.09752	8.42102e-15	7.09752 
22.9775	-18.4505	1.86144e-14	18.4505 
23.0406	-34.8046	-3.28261e-15	34.8046 
23.1038	-25.0094	-9.97552e-15	25.0094 
23.1669	-0.772732	4.33702e-15	0.772732 
23.23	5.36484	-1.74325e-14	5.36484 
23.2931	-28.6222	1.00876e-14	28.6222 
23.3562	-88.1924	-1.48286e-14	88.1924 
23.4194	-127.884	-2.36961e-15	127.884 
23.4825	-107.075	1.20157e-14	107.075 
23.5456	-25.9269	1.99822e-14	25.9269 
23.6088	70.6117	-6.54607e-15	70.6117 
23.6719	125.878	6.9171e-15	125.878 
23.735	114.393	1.12759e-14	114.393 
23.7981	58.7035	-5.67415e-15	58.7035 
23.8612	7.13909	2.56381e-15	7.13909 
23.9244	-6.71503	1.52552e-14	6.71503 
23.9875	12.4033	2.01145e-16	12.4033 
24.0506	33.0051	-3.09935e-15	33.0051 
24.1137	29.6634	-2.71854e-15	29.6634 
24.1769	5.54447	-8.71428e-15	5.54447 
24.24	-14.7868	-4.94671e-15	14.7868 
24.3031	-12.5729	-1.85808e-15	12.5729 
24.3663	5.924	7.38533e-15	5.924 
24.4294	16.8713	-9.29907e-15	16.8713 
24.4925	4.55494	9.49685e-15	4.55494 
24.5556	-21.3327	7.16968e-15	21.3327 
24.6187	-35.0742	-1.31434e-14	35.0742 
24.6819	-22.4091	5.61771e-16	22.4091 
24.745	1.5207	-3.40623e-15	1.5207 
24.8081	3.57818	-2.07692e-14	3.57818 
24.8712	-34.9125	-2.68422e-15	34.9125 
24.9344	-94.8074	-1.35764e-14	94.8074 
24.9975	-129.028	1.45751e-14	129.028 
25.0606	-100.225	2.26068e-14	100.225 
25.1238	-14.355	-1.10884e-17	14.355 
25.1869	80.0485	1.21234e-15	80.0485 
25.25	127.953	-1.35614e-14	127.953 
25.3131	109.356	-8.32658e-15	109.356 
25.3762	51.5841	-5.12084e-15	51.5841 
25.4394	3.32011	-6.31483e-15	3.32011 
25.5025	-5.7168	-5.65237e-15	5.7168 
25.5656	15.3894	-3.20409e-15	15.3894 
25.6288	34.0735	2.11058e-14	34.0735 
25.6919	27.5658	-5.55772e-16	27.5658 
25.755	2.46761	-2.86234e-14	2.46761 
25.8181	-15.8172	-7.62364e-15	15.8172 
25.8813	-10.8809	2.93921e-15	10.8809 
25.9444	8.05981	5.75171e-16	8.05981 
26.0075	16.6963	6.715e-15	16.6963 
26.0706	1.80847	5.77116e-15	1.80847 
26.1337	-24.0369	1.06064e-14	24.0369 
26.1969	-34.9503	-6.52355e-15	34.9503 
26.26	-19.6333	-2.28528e-15	19.6333 
26.3231	3.50179	3.84297e-15	3.50179 
26.3863	1.19734	-2.68089e-15	1.19734 
26.4494	-41.527	-1.07756e-14	41.527 
26.5125	-101.065	-1.31266e-14	101.065 
26.5756	-129.269	2.56747e-15	129.269 
26.6388	-92.5523	1.3286e-14	92.5523 
26.7019	-2.65989	1.40848e-14	2.65989 
26.765	88.8147	-5.16088e-15	88.8147 
26.8281	129.073	-2.90369e-15	129.073 
26.8912	103.764	-1.24589e-15	103.764 
26.9544	44.6175	3.07874e-15	44.6175 
27.0175	0.0789416	-9.9587e-16	0.0789416 
27.0806	-4.28322	-8.25997e-15	4.28322 
27.1438	18.3295	1.13904e-14	18.3295 
27.2069	34.7645	6.45897e-15	34.7645 
27.27	25.1938	3.29987e-15	25.1938 
27.3331	-0.505437	-4.87631e-16	0.505437 
27.3962	-16.5014	-9.65162e-15	16.5014 
27.4594	-8.98071	-3.80605e-16	8.98071 
27.5225	10.0424	2.32008e-14	10.0424 
27.5856	16.1709	3.60603e-15	16.1709 
27.6487	-1.10321	9.87486e-15	1.10321 
27.7119	-26.5215	9.04157e-15	26.5215 
27.775	-34.4346	-2.57053e-15	34.4346 
27.8381	-16.7324	-1.28855e-14	16.7324 
27.9013	5.11759	2.15614e-14	5.11759 
27.9644	-1.77699	-9.339e-15	1.77699 
28.0275	-48.3998	-4.93883e-16	48.3998 
28.0906	-106.883	-1.25261e-14	106.883 
28.1537	-128.579	1.21219e-14	128.579 
28.2169	-84.1132	1.87194e-14	84.1132 
28.28	9.05803	5.20257e-15	9.05803 
28.3431	96.8424	-4.81433e-15	96.8424 
28.4062	129.251	-1.0625e-14	129.251 
28.4694	97.6959	6.06945e-15	97.6959 
28.5325	37.8772	-9.06652e-15	37.8772 
28.5956	-2.57175	-8.74279e-15	2.57175 
28.6588	-2.46151	1.29832e-14	2.46151 
28.7219	21.1685	-1.31641e-14	21.1685 
28.785	35.0668	2.00753e-14	35.0668 
28.8481	22.5843	-3.32738e-15	22.5843 
28.9112	-3.33186	-1.39686e-14	3.33186 
28.9744	-16.8352	-4.61153e-15	16.8352 
29.0375	-6.90946	1.74001e-14	6.90946 
29.1006	11.8333	-1.75638e-14	11.8333 
29.1638	15.2967	-5.43729e-15	15.2967 
29.2269	-4.13843	6.50085e-15	4.13843 
29.29	-28.7479	1.49849e-14	28.7479 
29.3531	-33.5356	-5.62407e-15	33.5356 
29.4163	-13.7602	-1.0577e-15	13.7602 
29.4794	6.3189	-6.34338e-15	6.3189 
29.5425	-5.33591	-2.4578e-14	5.33591 
29.6056	-55.4593	-5.98152e-15	55.4593 
29.6687	-112.181	-1.56248e-14	112.181 
29.7319	-126.938	3.98612e-15	126.938 
29.795	-74.9718	2.83037e-14	74.9718 
29.8581	20.6982	1.01717e-14	20.6982 
29.9213	104.072	-5.04204e-15	104.072 
29.9844	128.513	7.29195e-17	128.513 
30.0475	91.2327	-2.24078e-15	91.2327 
30.1106	31.432	-8.27579e-15	31.432 
30.1737	-4.62756	1.34156e-14	4.62756 
30.2369	-0.303021	3.39287e-16	0.303021 
30.3	23.8545	4.75785e-15	23.8545 
30.3631	34.9756	1.01031e-15	34.9756 
30.4262	19.7775	-4.20692e-15	19.7775 
30.4894	-5.97152	-2.62746e-15	5.97152 
30.5525	-16.82	1.98936e-15	16.82 
30.6156	-4.70714	2.06521e-14	4.70714 
30.6788	13.397	-1.02224e-14	13.397 
30.7419	14.0811	-2.64518e-15	14.0811 
30.805	-7.25315	8.595e-15	7.25315 
30.8681	-30.6815	9.69215e-15	30.6815 
30.9312	-32.2682	-4.55046e-15	32.2682 
30.9944	-10.7732	-9.43454e-15	10.7732 
31.0575	7.06107	-2.43232e-16	7.06107 
31.1206	-9.46221	-1.32685e-14	9.46221 
31.1837	-62.6295	8.49048e-16	62.6295 
31.2469	-116.885	-1.80683e-14	116.885 
31.31	-124.338	1.15153e-14	124.338 
31.3731	-65.2	3.22575e-15	65.2 
31.4363	32.1609	1.80018e-14	32.1609 
31.4994	110.452	1.61007e-14	110.452 
31.5625	126.89	-1.14412e-14	126.89 
31.6256	84.4579	2.60494e-15	84.4579 
31.6887	25.3447	2.48088e-15	25.3447 
31.7519	-6.09224	-4.87659e-15	6.09224 
31.815	2.13758	-1.76555e-15	2.13758 
31.8781	26.339	-2.08191e-14	26.339 
31.9413	34.4923	1.41895e-14	34.4923 
32.0044	16.8165	9.52005e-15	16.8165 
32.0675	-8.38763	4.5342e-15	8.38763 
32.1306	-16.4631	-9.53309e-16	16.4631 
32.1938	-2.41575	2.02278e-15	2.41575 
32.2569	14.7016	4.6716e-15	14.7016 
32.32	12.5368	7.89877e-15	12.5368 
32.3831	-10.4017	1.98155e-14	10.4017 
32.4462	-32.2918	-6.88811e-16	32.2918 
32.5094	-30.6535	-9.16869e-15	30.6535 
32.5725	-7.82959	-1.78611e-14	7.82959 
32.6356	7.30475	9.2626e-15	7.30475 
32.6987	-14.1304	-7.91054e-15	14.1304 
32.7619	-69.8306	-3.83505e-15	69.8306 
32.825	-120.923	-6.64168e-15	120.923 
32.8881	-120.781	1.41886e-14	120.781 
32.9513	-54.8768	3.17437e-14	54.8768 
33.0144	43.3484	1.06938e-14	43.3484 
33.0775	115.942	2.33447e-15	115.942 
33.1406	124.425	1.51965e-14	124.425 
33.2037	77.4563	3.2426e-16	77.4563 
33.2669	19.6717	-1.62505e-15	19.6717 
33.33	-6.97744	2.50189e-15	6.97744 
33.3931	4.80316	-1.09686e-14	4.80316 
33.4562	28.5783	-8.25116e-15	28.5783 
33.5194	33.6251	5.32282e-15	33.6251 
33.5825	13.7463	-3.37787e-15	13.7463 
33.6456	-10.5473	-7.90875e-15	10.5473 
33.7088	-15.7768	1.19154e-14	15.7768 
33.7719	-0.0787281	5.33229e-16	0.0787281 
33.835	15.7194	2.12507e-15	15.7194 
33.8981	10.6823	6.38446e-15	10.6823 
33.9612	-13.5373	-8.50153e-15	13.5373 
34.0244	-33.5534	9.54797e-15	33.5534 
34.0875	-28.7189	9.20331e-17	28.7189 
34.1506	-4.98874	-9.40006e-15	4.98874 
34.2137	7.01655	-1.29978e-16	7.01655 
34.2769	-19.3069	-1.54995e-14	19.3069 
34.34	-76.9802	-1.34165e-15	76.9802 
34.4031	-124.231	-8.82355e-15	124.231 
34.4663	-116.278	2.54566e-16	116.278 
34.5294	-44.0873	2.78703e-14	44.0873 
34.5925	54.1661	3.58476e-15	54.1661 
34.6556	120.508	2.06255e-14	120.508 
34.7188	121.169	7.32382e-15	121.169 
34.7819	70.3132	-2.99223e-15	70.3132 
34.845	14.4625	-3.40098e-15	14.4625 
34.9081	-7.30239	-8.26947e-15	7.30239 
34.9712	7.63497	5.94144e-16	7.63497 
35.0344	30.5333	-8.88837e-15	30.5333 
35.0975	32.3877	1.01938e-14	32.3877 
35.1606	10.6131	-3.83017e-15	10.6131 
35.2238	-12.4218	-3.26925e-15	12.4218 
35.2869	-14.7792	-3.17492e-15	14.7792 
35.35	2.25978	3.93023e-15	2.25978 
35.4131	16.4271	-7.96795e-15	16.4271 
35.4763	8.54101	1.01836e-14	8.54101 
35.5394	-16.6133	1.1726e-14	16.6133 
35.6025	-34.446	5.17434e-16	34.446 
35.6656	-26.4975	-7.90404e-15	26.4975 
35.7287	-2.31015	-1.96249e-14	2.31015 
35.7919	6.16964	8.9668e-15	6.16964 
35.855	-24.9502	-7.86247e-15	24.9502 
35.9181	-83.9939	3.39911e-15	83.9939 
35.9813	-126.751	-2.15536e-14	126.751 
36.0444	-110.849	-5.23275e-15	110.849 
36.1075	-32.9217	1.90162e-16	32.9217 
36.1706	64.5233	2.08047e-14	64.5233 
36.2338	124.13	2.01766e-14	124.13 
36.2969	117.177	4.94312e-15	117.177 
36.36	63.1129	-1.45608e-14	63.1129 
36.4231	9.75899	-9.92337e-15	9.75899 
36.4862	-7.09345	1.16193e-14	7.09345 
36.5494	10.5735	5.14459e-15	10.5735 
36.6125	32.1704	1.42367e-15	32.1704 
36.6756	30.8001	9.16246e-15	30.8001 
36.7388	7.464	8.43688e-16	7.464 
36.8019	-13.9875	-3.88529e-15	13.9875 
36.865	-13.493	-1.50286e-14	13.493 
36.9281	4.55561	2.57761e-14	4.55561 
36.9913	16.8067	1.28416e-14	16.8067 
37.0544	6.14113	7.67441e-15	6.14113 
37.1175	-19.583	-8.92847e-16	19.583 
37.1806	-34.9553	1.41602e-14	34.9553 
37.2437	-24.0281	-6.84186e-15	24.0281 
37.3069	0.147367	-9.49636e-15	0.147367 
37.37	4.74432	6.8852e-15	4.74432 
37.4331	-31.0114	-7.20181e-15	31.0114 
37.4963	-90.7866	-9.34689e-17	90.7866 
37.5594	-128.431	-2.08799e-14	128.431 
37.6225	-104.527	1.54655e-14	104.527 
37.6856	-21.4745	2.57084e-14	21.4745 
37.7488	74.3346	1.03442e-15	74.3346 
37.8119	126.794	-1.06502e-14	126.794 
37.875	112.516	-2.20828e-14	112.516 
37.9381	55.9381	-3.02439e-15	55.9381 
38.0012	5.59543	-4.96979e-15	5.59543 
38.0644	-6.38357	-6.13951e-15	6.38357 
38.1275	13.5595	-7.11295e-15	13.5595 
38.1906	33.4619	2.86187e-15	33.4619 
38.2537	28.8873	2.58291e-15	28.8873 
38.3169	4.34556	-1.38603e-14	4.34556 
38.38	-15.2257	-1.1526e-15	15.2257 
38.4431	-11.9458	1.0656e-14	11.9458 
38.5063	6.76525	1.16176e-14	6.76525 
38.5694	16.845	-8.49195e-15	16.845 
38.6325	3.51536	1.73258e-14	3.51536 
38.6956	-22.4015	-9.76125e-16	22.4015 
38.7587	-35.073	6.05902e-15	35.073 
38.8219	-21.3542	-3.85315e-15	21.3542 
38.885	2.32654	-7.51444e-15	2.32654 
38.9481	2.72841	2.05265e-14	2.72841 
39.0112	-37.4345	-5.44163e-15	37.4345 
39.0744	-97.2734	-1.38489e-15	97.2734 
39.1375	-129.23	-1.12085e-15	129.23 
39.2006	-97.3534	1.87746e-14	97.3534 
39.2638	-9.84311	1.55421e-14	9.84311 
39.3269	83.5207	6.75475e-15	83.5207 
39.39	128.498	2.86623e-16	128.498 
39.4531	107.256	9.48291e-16	107.256 
39.5162	48.8688	-2.1463e-14	48.8688 
39.5794	1.99778	-2.10332e-14	1.99778 
39.6425	-5.21175	3.61656e-16	5.21175 
39.7056	16.5345	-1.00648e-14	16.5345 
39.7687	34.3861	-5.52951e-15	34.3861 
39.8319	26.6795	5.4769e-16	26.6795 
39.895	1.30361	-1.13741e-14	1.30361 
39.9581	-16.1231	-9.1087e-16	16.1231 
40.0213	-10.1691	7.97784e-15	10.1691 
40.0844	8.84657	9.62039e-15	8.84657 
40.1475	16.5348	7.86612e-16	16.5348 
40.2106	0.700259	1.73342e-14	0.700259 
40.2737	-25.0256	7.13673e-15	25.0256 
40.3369	-34.7971	9.85938e-15	34.7971 
40.4	-18.5238	5.82356e-15	18.5238 
40.4631	4.17251	-9.37676e-15	4.17251 
40.5262	0.117613	1.65819e-14	0.117613 
40.5894	-44.1571	-1.09394e-14	44.1571 
40.6525	-103.371	2.25998e-16	103.371 
40.7156	-129.114	-4.33451e-15	129.114 
40.7788	-89.3775	8.45935e-16	89.3775 
40.8419	1.87274	1.64788e-14	1.87274 
40.905	92.009	3.63982e-15	92.009 
40.9681	129.252	5.18387e-15	129.252 
41.0312	101.47	-1.86498e-14	101.47 
41.0944	41.9812	-7.44754e-15	41.9812 
41.1575	-1.01617	-1.11048e-14	1.01617 
41.2206	-3.62229	-1.23056e-14	3.62229 
41.2837	19.4419	-2.85549e-16	19.4419 
41.3469	34.9279	-4.06973e-15	34.9279 
41.41	24.2111	8.24343e-15	24.2111 
41.4731	-1.6177	1.10211e-14	1.6177 
41.5363	-16.672	-4.36738e-15	16.672 
41.5994	-8.19817	9.90649e-15	8.19817 
41.6625	10.7595	8.4563e-15	10.7595 
41.7256	15.8741	3.93484e-15	15.8741 
41.7888	-2.26426	1.81978e-14	2.26426 
41.8519	-27.4148	1.85276e-14	27.4148 
41.915	-34.1319	1.03821e-14	34.1319 
41.9781	-15.5888	-2.50089e-15	15.5888 
42.0412	5.63368	-1.54425e-14	5.63368 
42.1044	-3.08422	4.66395e-15	3.08422 
42.1675	-51.1107	-9.9774e-16	51.1107 
42.2306	-108.997	-8.89845e-17	108.997 
42.2938	-128.058	-3.21712e-15	128.058 
42.3569	-80.6589	5.61106e-15	80.6589 
42.42	13.5725	3.19003e-15	13.5725 
42.4831	99.7348	2.80783e-15	99.7348 
42.5463	129.073	6.75755e-15	129.073 
42.6094	95.2397	-2.69617e-15	95.2397 
42.6725	35.3471	-1.14412e-16	35.3471 
42.7356	-3.43697	-5.88844e-15	3.43697 
42.7987	-1.6641	-5.47546e-16	1.6641 
42.8619	22.2277	-3.76882e-15	22.2277 
42.925	35.0783	-9.63338e-15	35.0783 
42.9881	21.5203	-1.26888e-15	21.5203 
43.0513	-4.37652	-9.79161e-15	4.37652 
43.1144	-16.8704	1.06047e-14	16.8704 
43.1775	-6.07139	-6.02342e-17	6.07139 
43.2406	12.4666	-2.91062e-15	12.4666 
43.3038	14.8667	-5.53456e-15	14.8667 
43.3669	-5.33554	1.9996e-14	5.33554 
43.43	-29.5319	-7.51241e-15	29.5319 
43.4931	-33.0883	-3.4678e-15	33.0883 
43.5562	-12.6041	-3.6235e-15	12.6041 
43.6194	6.66252	-1.85849e-14	6.66252 
43.6825	-6.86496	3.59549e-15	6.86496 
43.7456	-58.2222	-7.19003e-15	58.2222 
43.8088	-114.074	1.46496e-14	114.074 
43.8719	-126.047	-5.2547e-15	126.047 
43.935	-71.2649	2.07001e-15	71.2649 
43.9981	25.1558	1.89614e-14	25.1558 
44.0613	106.642	-4.74064e-15	106.642 
44.1244	127.988	9.73601e-15	127.988 
44.1875	88.646	-1.82426e-14	88.646 
44.2506	29.0332	-1.63005e-14	29.0332 
44.3137	-5.26338	1.65512e-15	5.26338 
44.3769	0.610083	3.25013e-15	0.610083 
44.44	24.8413	1.6302e-15	24.8413 
44.5031	34.8349	-4.54268e-15	34.8349 
44.5662	18.6487	8.52055e-15	18.6487 
44.6294	-6.93392	-4.66167e-15	6.93392 
44.6925	-16.722	8.53657e-15	16.722 
44.7556	-3.82956	5.48627e-15	3.82956 
44.8188	13.9337	1.28725e-14	13.9337 
44.8819	13.5222	-1.87035e-15	13.5222 
44.945	-8.46881	2.60935e-14	8.46881 
45.0081	-31.3438	-9.2691e-15	31.3438 
45.0712	-31.6838	-5.23742e-16	31.6838 
45.1344	-9.62689	-3.83671e-15	9.62689 
45.1975	7.21634	-1.95934e-14	7.21634 
45.2606	-11.2042	-8.87771e-15	11.2042 
45.3237	-65.414	-4.89942e-15	65.414 
45.3869	-118.528	-5.14294e-15	118.528 
45.45	-123.076	2.32678e-15	123.076 
45.5131	-61.2702	-6.63687e-15	61.2702 
45.5763	36.5236	1.45606e-14	36.5236 
45.6394	112.682	7.75528e-15	112.682 
45.7025	126.035	1.86678e-16	126.035 
45.7656	81.7735	2.38966e-15	81.7735 
45.8287	23.0997	-5.5947e-15	23.0997 
45.8919	-6.50225	-9.30307e-15	6.50225 
45.955	3.14454	1.91597e-14	3.14454 
46.0181	27.236	-1.15299e-14	27.236 
46.0812	34.202	3.61128e-16	34.202 
46.1444	15.6401	1.27582e-14	15.6401 
46.2075	-9.25456	-7.39833e-15	9.25456 
46.2706	-16.236	8.56006e-15	16.236 
46.3338	-1.51532	9.0865e-15	1.51532 
46.3969	15.1304	6.76249e-15	15.1304 
46.46	11.8556	1.09816e-14	11.8556 
46.5231	-11.6179	-3.75939e-16	11.6179 
46.5862	-32.8221	-1.49329e-14	32.8221 
46.6494	-29.9419	-1.1958e-14	29.9419 
46.7125	-6.71595	-3.64505e-15	6.71595 
46.7756	7.25803	-1.78579e-14	7.25803 
46.8387	-16.0733	5.65137e-15	16.0733 
46.9019	-72.6052	-1.68156e-15	72.6052 
46.965	-122.292	-2.37605e-15	122.292 
47.0281	-119.151	2.00874e-15	119.151 
47.0913	-50.7564	1.2449e-14	50.7564 
47.1544	47.5791	6.66676e-15	47.5791 
47.2175	117.818	3.8107e-15	117.818 
47.2806	123.257	1.85207e-14	123.257 
47.3438	74.7071	5.27011e-15	74.7071 
47.4069	17.6005	-3.15728e-15	17.6005 
47.47	-7.1682	2.82373e-15	7.1682 
47.5331	5.8814	1.60459e-14	5.8814 
47.5962	29.3697	-4.21347e-15	29.3697 
47.6594	33.1897	6.40605e-16	33.1897 
47.7225	12.54	-1.84817e-15	12.54 
47.7856	-11.3071	-6.13365e-15	11.3071 
47.8488	-15.4269	1.43977e-14	15.4269 
47.9119	0.827525	2.52268e-14	0.827525 
47.975	16.0308	4.3282e-15	16.0308 
48.0381	9.88711	-8.43728e-15	9.88711 
48.1013	-14.736	-6.18035e-15	14.736 
48.1644	-33.9431	-1.26144e-14	33.9431 
48.2275	-27.8922	-1.42602e-14	27.8922 
48.2906	-3.93079	-3.83121e-16	3.93079 
48.3537	6.75665	-3.13678e-14	6.75665 
48.4169	-21.4356	3.94382e-15	21.4356 
48.48	-79.7123	-2.63894e-15	79.7123 
48.5431	-125.301	2.0157e-14	125.301 
48.6063	-114.287	-1.09521e-14	114.287 
48.6694	-39.8105	1.23722e-15	39.8105 
48.7325	58.2293	6.29938e-16	58.2293 
48.7956	122.021	1.27984e-14	122.021 
48.8588	119.709	6.35543e-15	119.709 
48.9219	67.532	-9.95264e-15	67.532 
48.985	12.5822	-1.84112e-15	12.5822 
49.0481	-7.28326	3.19143e-15	7.28326 
49.1112	8.76154	1.22733e-14	8.76154 
49.1744	31.2055	9.78962e-16	31.2055 
49.2375	31.8142	-1.98401e-14	31.8142 
49.3006	9.39509	2.3287e-14	9.39509 
49.3638	-13.0648	-2.85546e-15	13.0648 
49.4269	-14.3148	-3.36836e-15	14.3148 
49.49	3.15475	1.70339e-14	3.15475 
49.5531	16.6136	-6.82695e-15	16.6136 
49.6163	7.64224	-5.43135e-15	7.64224 
49.6794	-17.7764	9.87062e-15	17.7764 
49.7425	-34.689	3.63106e-15	34.689 
49.8056	-25.57	-1.03163e-14	25.57 
49.8687	-1.33075	-1.65483e-14	1.33075 
49.9319	5.68807	-3.07562e-14	5.68807 
49.995	-27.2467	-7.94728e-15	27.2467 
50.0581	-86.6507	1.65318e-14	86.6507 
50.1213	-127.502	-6.54754e-15	127.502 
50.1844	-108.509	-2.15557e-15	108.509 
50.2475	-28.5247	7.78274e-15	28.5247 
50.3106	68.3853	1.07828e-14	68.3853 
50.3738	125.273	7.88524e-16	125.273 
50.4369	115.451	1.17063e-14	115.451 
50.5	60.3318	-1.00738e-14	60.3318 
50.5631	8.08385	8.10304e-15	8.08385 
50.6262	-6.87641	-6.59893e-15	6.87641 
50.6894	11.7254	1.03511e-15	11.7254 
50.7525	32.7119	3.33933e-15	32.7119 
50.8156	30.0976	-6.21189e-15	30.0976 
50.8787	6.25232	2.23974e-14	6.25232 
50.9419	-14.5058	1.02646e-14	14.5058 
51.005	-12.9242	8.37698e-15	12.9242 
51.0681	5.42235	1.68768e-14	5.42235 
51.1313	16.8625	-3.80906e-15	16.8625 
51.1944	5.15094	-3.16825e-15	5.15094 
51.2575	-20.6929	1.48594e-14	20.6929 
51.3206	-35.0475	-1.06441e-14	35.0475 
51.3837	-23.0161	-3.04344e-14	23.0161 
51.4469	1.02585	-1.10302e-14	1.02585 
51.51	4.03546	-1.89368e-14	4.03546 
51.5731	-33.4548	3.53525e-15	33.4548 
51.6362	-93.3351	1.91076e-15	93.3351 
51.6994	-128.847	1.12027e-14	128.847 
51.7625	-101.853	1.41435e-14	101.853 
51.8256	-16.9945	2.67074e-14	16.9945 
51.8888	77.9639	-8.59751e-15	77.9639 
51.9519	127.566	-4.68741e-15	127.566 
52.015	110.55	-4.59049e-15	110.55 
52.0781	53.1885	-3.10967e-15	53.1885 
52.1412	4.13642	-2.5896e-16	4.13642 
52.2044	-5.98303	5.78295e-15	5.98303 
52.2675	14.714	1.04309e-14	14.714 
52.3306	33.8637	-3.92576e-15	33.8637 
52.3937	28.067	-1.37596e-14	28.067 
52.4569	3.1581	5.45722e-15	3.1581 
52.52	-15.6136	-3.55879e-15	15.6136 
52.5831	-11.2843	7.70507e-16	11.2843 
52.6463	7.58729	2.25794e-14	7.58729 
52.7094	16.7667	-8.19714e-15	16.7667 
52.7725	2.44745	6.13788e-15	2.44745 
52.8356	-23.4413	-1.74392e-14	23.4413 
52.8987	-35.0129	-1.17423e-14	35.0129 
52.9619	-20.2758	-8.78071e-15	20.2758 
53.025	3.08256	-2.23984e-14	3.08256 
53.0881	1.78965	-1.32975e-14	1.78965 
53.1512	-40.0014	2.58548e-15	40.0014 
53.2144	-99.6811	-8.77365e-15	99.6811 
53.2775	-129.295	7.03518e-15	129.295 
53.3406	-94.3622	2.96739e-14	94.3622 
53.4038	-5.31861	5.46603e-15	5.31861 
53.4669	86.8885	-6.14956e-16	86.8885 
53.53	128.902	-1.46513e-14	128.902 
53.5931	105.077	1.98886e-15	105.077 
53.6562	46.1806	-1.5797e-16	46.1806 
53.7194	0.762761	-2.22848e-15	0.762761 
53.7825	-4.64424	-1.1322e-14	4.64424 
53.8456	17.6694	-6.62943e-15	17.6694 
53.9087	34.6415	-3.68741e-15	34.6415 
53.9719	25.7541	-2.2917e-15	25.7541 
54.035	0.157657	4.2815e-15	0.157657 
54.0981	-16.3768	-5.66795e-15	16.3768 
54.1613	-9.42817	8.59396e-15	9.42817 
54.2244	9.60813	7.9933e-15	9.60813 
54.2875	16.3208	5.35291e-16	16.3208 
54.3506	-0.430309	-1.05215e-14	0.430309 
54.4138	-25.9792	5.04248e-15	25.9792 
54.4769	-34.5856	-1.00276e-14	34.5856 
54.54	-17.3987	-7.21831e-15	17.3987 
54.6031	4.78569	-3.3341e-15	4.78569 
54.6662	-1.05053	-9.77207e-15	1.05053 
54.7294	-46.8217	-1.095e-16	46.8217 
54.7925	-105.606	8.95801e-15	105.606 
54.8556	-128.818	-6.07493e-15	128.818 
54.9188	-86.0917	-2.04558e-15	86.0917 
54.9819	6.40296	7.10582e-15	6.40296 
55.045	95.0893	-1.29748e-15	95.0893 
55.1081	129.292	-8.36095e-15	129.292 
55.1713	99.11	-4.38335e-16	99.11 
55.2344	39.3828	2.37293e-16	39.3828 
55.2975	-2.02256	-3.62945e-15	2.02256 
55.3606	-2.90621	-1.99709e-14	2.90621 
55.4237	20.5361	4.15862e-15	20.5361 
55.4869	35.0327	-1.20456e-15	35.0327 
55.55	23.1951	-1.90882e-15	23.1951 
55.6131	-2.70565	1.77646e-14	2.70565 
55.6763	-16.7902	-6.19988e-15	16.7902 
55.7394	-7.3923	1.1282e-14	7.3923 
55.8025	11.4457	2.47601e-14	11.4457 
55.8656	15.5253	-1.45535e-14	15.5253 
55.9288	-3.44129	7.86123e-15	3.44129 
55.9919	-28.2673	2.37345e-15	28.2673 
56.055	-33.7725	-8.74587e-15	33.7725 
56.1181	-14.4378	-8.4513e-15	14.4378 
56.1812	6.08512	2.93238e-14	6.08512 
56.2444	-4.47804	-1.19151e-14	4.47804 
56.3075	-53.8453	4.24554e-15	53.8453 
56.3706	-111.029	9.13231e-15	111.029 
56.4338	-127.394	6.67732e-15	127.394 
56.4969	-77.1036	9.39697e-15	77.1036 
56.56	18.0696	-2.11808e-15	18.0696 
56.6231	102.505	-9.87845e-15	102.505 
56.6863	128.759	-1.75759e-14	128.759 
56.7494	92.7292	8.40244e-15	92.7292 
56.8125	32.8649	-9.4688e-15	32.8649 
56.8756	-4.21329	-3.54812e-15	4.21329 
56.9387	-0.819434	-3.22047e-15	0.819434 
57.0019	23.2611	5.86161e-15	23.2611 
57.065	35.0308	8.5957e-16	35.0308 
57.1281	20.4293	-1.12781e-14	20.4293 
57.1912	-5.39104	2.81496e-15	5.39104 
57.2544	-16.8538	4.8968e-15	16.8538 
57.3175	-5.2161	2.17595e-14	5.2161 
57.3806	13.0639	-5.28475e-15	13.0639 
57.4438	14.3862	-9.26519e-15	14.3862 
57.5069	-6.54193	-9.50514e-15	6.54193 
57.57	-30.2702	3.70756e-15	30.2702 
57.6331	-32.587	-3.38451e-15	32.587 
57.6962	-11.4491	-5.42506e-15	11.4491 
57.7594	6.9351	-1.03947e-14	6.9351 
57.8225	-8.47757	-2.0803e-14	8.47757 
57.8856	-60.9972	1.47383e-14	60.9972 
57.9487	-115.874	5.61326e-15	115.874 
58.0119	-125.012	1.20037e-14	125.012 
58.075	-67.4681	2.85478e-14	67.4681 
58.1381	29.5812	-4.3006e-15	29.5812 
58.2013	109.082	2.08454e-15	109.082 
58.2644	127.334	5.18899e-15	127.334 
58.3275	86.0177	-1.66516e-15	86.0177 
58.3906	26.6912	-1.11249e-14	26.6912 
58.4537	-5.81133	9.34858e-15	5.81133 
58.5169	1.5621	1.47155e-15	1.5621 
58.58	25.7954	-2.28219e-15	25.7954 
58.6431	34.636	-9.06711e-15	34.636 
58.7062	17.4994	-1.70389e-14	17.4994 
58.7694	-7.8609	2.80685e-14	7.8609 
58.8325	-16.5735	-3.33998e-15	16.5735 
58.8956	-2.94114	1.3167e-14	2.94114 
58.9588	14.4299	7.75044e-15	14.4299 
59.0219	12.9151	-1.46711e-14	12.9151 
59.085	-9.68685	-1.47531e-14	9.68685 
59.1481	-31.9563	5.99781e-15	31.9563 
59.2112	-31.0489	-2.9942e-15	31.0489 
59.2744	-8.49049	-3.63678e-16	8.49049 
59.3375	7.29502	-1.17665e-14	7.29502 
59.4006	-13.0255	-8.8782e-15	13.0255 
59.4637	-68.1985	1.95377e-15	68.1985 
59.5269	-120.069	-5.52811e-16	120.069 
59.59	-121.672	-2.72749e-15	121.672 
59.6531	-57.2628	5.07509e-15	57.2628 
59.7163	40.8396	1.39655e-14	40.8396 
59.7794	114.776	5.02603e-15	114.776 
59.8425	125.056	-1.04892e-14	125.056 
59.9056	79.0601	-3.39693e-15	79.0601 
59.9688	20.9196	-1.55499e-14	20.9196 
60.0319	-6.82657	1.54876e-16	6.82657 
60.095	4.18175	-8.88574e-17	4.18175 
60.1581	28.0939	1.43509e-15	28.0939 
60.2212	33.8549	-6.05933e-16	33.8549 
60.2844	14.4499	-1.53422e-14	14.4499 
60.3475	-10.0814	1.46932e-14	10.0814 
60.4106	-15.9605	4.2181e-15	15.9605 
60.4738	-0.610616	1.23978e-14	0.610616 
60.5369	15.5149	1.48078e-14	15.5149 
60.6	11.1291	-7.05366e-15	11.1291 
60.6631	-12.8296	-1.6941e-14	12.8296 
60.7263	-33.2989	1.32407e-14	33.2989 
60.7894	-29.1842	-9.66323e-15	29.1842 
60.8525	-5.62111	-1.86955e-14	5.62111 
60.9156	7.13007	7.26649e-15	7.13007 
60.9787	-18.09	-1.79249e-14	18.09 
61.0419	-75.3672	7.73145e-15	75.3672 
61.105	-123.548	1.10733e-14	123.548 
61.1681	-117.381	-2.31049e-15	117.381 
61.2313	-46.5713	1.17221e-14	46.5713 
61.2944	51.7492	3.36472e-15	51.7492 
61.3575	119.555	-2.92577e-16	119.555 
61.4206	121.974	3.12408e-15	121.974 
61.4838	71.9417	5.75869e-15	71.9417 
61.5469	15.6012	1.48983e-14	15.6012 
61.61	-7.27655	5.19222e-15	7.27655 
61.6731	6.98106	4.38526e-15	6.98106 
61.7362	30.1165	6.83925e-15	30.1165 
61.7994	32.6999	6.44345e-15	32.6999 
61.8625	11.327	6.39134e-15	11.327 
61.9256	-12.0229	1.43527e-14	12.0229 
61.9888	-15.0317	-8.55929e-17	15.0317 
62.0519	1.73144	3.58538e-15	1.73144 
62.115	16.2948	1.70645e-14	16.2948 
62.1781	9.05054	-8.34794e-15	9.05054 
62.2413	-15.9231	-4.63024e-15	15.9231 
62.3044	-34.2767	1.2135e-14	34.2767 
62.3675	-27.0247	-1.181e-14	27.0247 
62.4306	-2.90051	-1.23281e-14	2.90051 
62.4937	6.41191	-1.19644e-14	6.41191 
62.5569	-23.6315	-1.85659e-14	23.6315 
62.62	-82.4191	5.10435e-15	82.4191 
62.6831	-126.251	1.96643e-14	126.251 
62.7463	-112.16	-2.39576e-15	112.16 
62.8094	-35.4829	1.55872e-14	35.4829 
62.8725	62.2186	-8.86171e-15	62.2186 
62.9356	123.392	-1.75853e-15	123.392 
62.9988	118.144	2.79363e-15	118.144 
63.0619	64.747	-1.02074e-14	64.747 
63.125	10.7798	-1.08326e-15	10.7798 
63.1881	-7.18606	1.26292e-14	7.18606 
63.2512	9.90063	8.93266e-15	9.90063 
63.3144	31.8284	-3.39807e-15	31.8284 
63.3775	31.1897	-3.03969e-16	31.1897 
63.4406	8.17737	2.17645e-15	8.17737 
63.5037	-13.6605	1.76099e-14	13.6605 
63.5669	-13.8088	5.84252e-15	13.8088 
63.63	4.0408	2.00057e-14	4.0408 
63.6931	16.7501	6.70635e-15	16.7501 
63.7563	6.70661	-2.34728e-15	6.70661 
63.8194	-18.921	-1.09028e-15	18.921 
63.8825	-34.8739	-3.08685e-15	34.8739 
63.9456	-24.6079	-1.51486e-14	24.6079 
64.0088	-0.387748	-2.17664e-14	0.387748 
64.0719	5.11914	1.30287e-14	5.11914 
64.135	-29.6026	-1.54246e-14	29.6026 
64.1981	-89.2694	8.14911e-15	89.2694 
64.2613	-128.126	-6.80559e-15	128.126 
64.3244	-106.038	-1.58911e-14	106.038 
64.3875	-24.091	1.31695e-15	24.091 
64.4506	72.1609	9.9414e-15	72.1609 
64.5138	126.273	-3.75102e-15	126.273 
64.5769	113.629	-4.22096e-15	113.629 
64.64	57.5593	-7.53807e-16	57.5593 
64.7031	6.49113	1.45992e-14	6.49113 
64.7662	-6.58661	1.8451e-14	6.58661 
64.8294	12.881	-5.07931e-15	12.881 
64.8925	33.2004	8.80907e-15	33.2004 
64.9556	29.3482	-4.09633e-15	29.3482 
65.0187	5.04791	-1.17742e-14	5.04791 
65.0819	-14.9743	1.39537e-14	14.9743 
65.145	-12.3181	-1.63668e-14	12.3181 
65.2081	6.27374	2.90613e-14	6.27374 
65.2712	16.8667	2.921e-14	16.8667 
65.3344	4.12901	-6.29604e-15	4.12901 
65.3975	-21.7777	-8.7811e-15	21.7777 
65.4606	-35.0809	1.68767e-14	35.0809 
65.5238	-21.9763	4.48599e-15	21.9763 
65.5869	1.85948	-5.14294e-15	1.85948 
65.65	3.23787	2.32678e-15	3.23787 
65.7131	-35.9488	-2.69852e-14	35.9488 
65.7763	-95.833	-9.767e-15	95.833 
65.8394	-129.128	-6.39815e-15	129.128 
65.9025	-99.0532	-1.48391e-15	99.0532 
65.9656	-12.4928	1.384e-14	12.4928 
66.0288	81.4955	-1.46478e-15	81.4955 
66.0919	128.196	1.50919e-15	128.196 
66.155	108.498	-2.28131e-14	108.498 
66.2181	50.4592	1.13708e-14	50.4592 
66.2812	2.76325	3.30793e-15	2.76325 
66.3444	-5.51588	2.78127e-15	5.51588 
66.4075	15.8635	4.67131e-16	15.8635 
66.4706	34.2096	1.65726e-15	34.2096 
66.5337	27.2045	-9.24339e-15	27.2045 
66.5969	1.98467	-1.25533e-14	1.98467 
66.66	-15.9499	7.64046e-15	15.9499 
66.7231	-10.5905	7.09515e-15	10.5905 
66.7862	8.38778	1.3374e-14	8.38778 
66.8494	16.6359	1.02293e-14	16.6359 
66.9125	1.35347	-6.93968e-15	1.35347 
66.9756	-24.4495	-3.7045e-15	24.4495 
67.0387	-34.8941	9.78128e-15	34.8941 
67.1019	-19.177	-1.1067e-14	19.177 
67.165	3.7857	-7.78218e-15	3.7857 
67.2281	0.761988	1.4886e-14	0.761988 
67.2913	-42.6092	-2.87351e-14	42.6092 
67.3544	-102.026	-9.55163e-15	102.026 
67.4175	-129.222	-1.20106e-15	129.222 
67.4806	-91.2543	4.36729e-15	91.2543 
67.5438	-0.787278	-2.68845e-15	0.787278 
67.6069	90.1481	-4.4335e-15	90.1481 
67.67	129.164	-3.85861e-15	129.164 
67.7331	102.825	-8.13103e-15	102.825 
67.7963	43.5239	-2.97491e-15	43.5239 
67.8594	-0.38425	-4.3246e-15	0.38425 
67.9225	-4.01702	1.38827e-14	4.01702 
67.9856	18.7911	-3.67432e-15	18.7911 
68.0487	34.8391	-1.93619e-14	34.8391 
68.1119	24.792	-1.47742e-14	24.792 
68.175	-0.967775	-1.82911e-14	0.967775 
68.2381	-16.5782	-1.75493e-15	16.5782 
68.3012	-8.66037	5.42065e-15	8.66037 
68.3644	10.3423	1.90336e-14	10.3423 
68.4275	16.0546	2.61352e-14	16.0546 
68.4906	-1.58081	-5.34833e-15	1.58081 
68.5537	-26.8953	1.52224e-14	26.8953 
68.6169	-34.3165	-2.73853e-15	34.3165 
68.68	-16.261	-6.69354e-15	16.261 
68.7431	5.33849	-1.89621e-14	5.33849 
68.8063	-2.30653	6.54251e-15	2.30653 
68.8694	-49.5167	-2.16635e-14	49.5167 
68.9325	-107.766	-8.11736e-15	107.766 
68.9956	-128.381	3.26237e-15	128.381 
69.0588	-82.6985	-1.4086e-14	82.6985 
69.1219	10.925	1.55005e-14	10.925 
69.185	98.0521	-1.93357e-14	98.0521 
69.2481	129.194	-5.55587e-15	129.194 
69.3113	96.688	-2.01635e-14	96.688 
69.3744	36.8263	-9.51424e-15	36.8263 
69.4375	-2.94001	8.86111e-15	2.94001 
69.5006	-2.13798	-5.01983e-15	2.13798 
69.5637	21.6091	-2.85546e-15	21.6091 
69.6269	35.0787	6.40201e-15	35.0787 
69.69	22.1481	-1.5397e-15	22.1481 
69.7531	-3.76698	-6.70259e-16	3.76698 
69.8162	-16.8561	-2.52163e-17	16.8561 
69.8794	-6.56545	9.08188e-15	6.56545 
69.9425	12.0992	9.52466e-15	12.0992 
70.0056	15.1252	6.78389e-15	15.1252 
70.0687	-4.63173	9.29923e-15	4.63173 
70.1319	-29.0772	5.02172e-15	29.0772 
70.195	-33.3575	1.78072e-14	33.3575 
70.2581	-13.2826	-1.3727e-14	13.2826 
70.3213	6.46933	-5.27132e-15	6.46933 
70.3844	-5.95744	-9.06091e-17	5.95744 
70.4475	-56.5991	-1.84592e-14	56.5991 
70.5106	-112.974	-1.68117e-15	112.974 
70.5738	-126.587	1.27086e-14	126.587 
70.6369	-73.4514	-1.41462e-15	73.4514 
70.7	22.5435	1.553e-14	22.5435 
70.7631	105.149	-2.561e-14	105.149 
70.8263	128.312	4.21333e-15	128.312 
70.8894	90.1693	-3.09481e-15	90.1693 
70.9525	30.4342	-2.82677e-15	30.4342 
71.0156	-4.90095	6.66533e-15	4.90095 
71.0787	0.0693074	6.57335e-15	0.0693074 
71.1419	24.266	1.91171e-15	24.266 
71.205	34.9246	2.52993e-15	34.9246 
71.2681	19.3138	1.44714e-15	19.3138 
71.3312	-6.37332	-1.80755e-14	6.37332 
71.3944	-16.7857	1.76675e-14	16.7857 
71.4575	-4.34603	4.0471e-15	4.34603 
71.5206	13.6235	3.99684e-15	13.6235 
71.5837	13.8561	1.49727e-14	13.8561 
71.6469	-7.75495	-6.80716e-15	7.75495 
71.71	-30.9611	1.01589e-14	30.9611 
71.7731	-32.033	7.66516e-15	32.033 
71.8363	-10.2986	-5.10947e-15	10.2986 
71.8994	7.13438	-3.45987e-14	7.13438 
71.9625	-10.1722	5.39617e-15	10.1722 
72.0256	-63.7796	-2.45002e-14	63.7796 
72.0888	-117.576	8.33431e-15	117.576 
72.1519	-123.834	1.44778e-14	123.834 
72.215	-63.5861	5.8274e-15	63.5861 
72.2781	33.9687	2.23435e-14	33.9687 
72.3413	111.39	-2.44359e-14	111.39 
72.4044	126.552	-2.17561e-15	126.552 
72.4675	83.3526	-1.78759e-14	83.3526 
72.5306	24.4094	-1.2035e-14	24.4094 
72.5938	-6.27209	4.1294e-15	6.27209 
72.6569	2.54973	1.62695e-14	2.54973 
72.72	26.7142	-1.51711e-15	26.7142 
72.7831	34.3793	6.41148e-15	34.3793 
72.8462	16.3323	-1.79476e-15	16.3323 
72.9094	-8.75056	-1.63264e-16	8.75056 
72.9725	-16.3751	8.69031e-15	16.3751 
73.0356	-2.04441	3.39662e-15	2.04441 
73.0987	14.8841	2.32469e-14	14.8841 
73.1619	12.2609	-2.93365e-15	12.2609 
73.225	-10.9046	2.34031e-14	10.9046 
73.2881	-32.5173	-1.99799e-14	32.5173 
73.3512	-30.3652	-5.37307e-15	30.3652 
73.4144	-7.36742	-3.36752e-15	7.36742 
73.4775	7.29519	-1.58656e-14	7.29519 
73.5406	-14.924	-1.19976e-14	14.924 
73.6038	-70.9781	-1.94997e-14	70.9781 
73.6669	-121.502	-3.2427e-15	121.502 
73.73	-120.125	9.08475e-15	120.125 
73.7931	-53.1826	-5.48223e-15	53.1826 
73.8563	45.1034	2.4019e-14	45.1034 
73.9194	116.734	3.17765e-15	116.734 
73.9825	123.957	-1.1322e-14	123.957 
74.0456	76.3227	-1.07593e-14	76.3227 
74.1088	18.8074	-2.18201e-14	18.8074 
74.1719	-7.06634	8.12619e-15	7.06634 
74.235	5.24583	9.24671e-15	5.24583 
74.2981	28.9106	-1.58887e-14	28.9106 
74.3612	33.4518	1.14942e-14	33.4518 
74.4244	13.2488	2.73781e-15	13.2488 
74.4875	-10.8665	-4.23273e-15	10.8665 
74.5506	-15.6378	6.97308e-15	15.6378 
74.6137	0.295818	-5.76979e-15	0.295818 
74.6769	15.8537	1.08082e-14	15.8537 
74.74	10.3589	1.85827e-14	10.3589 
74.8031	-14.0338	-4.12284e-15	14.0338 
74.8662	-33.7212	5.17011e-15	33.7212 
74.9294	-28.3824	8.15033e-15	28.3824 
74.9925	-4.54851	-4.55732e-15	4.54851 
75.0556	6.91937	-1.94502e-15	6.91937 
75.1188	-20.1781	-1.07929e-14	20.1781 
75.1819	-78.1117	-7.04761e-15	78.1117 
75.245	-124.688	-5.27676e-15	124.688 
75.3081	-115.472	-6.64381e-15	115.472 
75.3713	-42.3269	-3.77951e-15	42.3269 
75.4344	55.8534	2.77554e-14	55.8534 
75.4975	121.151	3.05289e-15	121.151 
75.5606	120.579	9.61218e-15	120.579 
75.6238	69.1649	2.48804e-15	69.1649 
75.6869	13.6763	-4.10481e-15	13.6763 
75.75	-7.30407	-2.38236e-16	7.30407 
75.8131	8.09869	1.05023e-14	8.09869 
75.8762	30.8169	3.09243e-15	30.8169 
75.9394	32.157	1.3225e-14	32.157 
76.0025	10.11	8.54175e-15	10.11 
76.0656	-12.6931	1.43915e-14	12.6931 
76.1287	-14.5925	1.45436e-14	14.5925 
76.1919	2.63047	-9.67724e-16	2.63047 
76.255	16.5102	1.20899e-14	16.5102 
76.3181	8.17426	1.44494e-14	8.17426 
76.3812	-17.0959	-1.39252e-14	17.0959 
76.4444	-34.5534	5.57951e-15	34.5534 
76.5075	-26.1187	5.52175e-15	26.1187 
76.5706	-1.9013	-9.63851e-15	1.9013 
76.6338	5.98122	-1.54347e-14	5.98122 
76.6969	-25.8916	-6.03267e-15	25.8916 
76.76	-85.0959	-5.60989e-15	85.0959 
76.8231	-127.076	1.27032e-14	127.076 
76.8863	-109.899	-9.223e-15	109.899 
76.9494	-31.1098	-1.62107e-15	31.1098 
77.0125	66.1291	4.68464e-15	66.1291 
77.0756	124.619	-3.54812e-15	124.619 
77.1388	116.476	6.31558e-15	116.476 
77.2019	61.9631	-1.30598e-14	61.9631 
77.265	9.05701	8.5957e-16	9.05701 
77.3281	-7.01274	2.52886e-14	7.01274 
77.3912	11.0488	1.77571e-14	11.0488 
77.4544	32.4005	-6.15919e-15	32.4005 
77.5175	30.5157	-1.08776e-16	30.5157 
77.5806	6.96267	1.67341e-14	6.96267 
77.6437	-14.2077	-4.25344e-15	14.2077 
77.7069	-13.2627	1.30712e-15	13.2627 
77.77	4.91542	3.70756e-15	4.91542 
77.8331	16.836	-5.44946e-15	16.836 
77.8962	5.73601	8.72837e-15	5.73601 
77.9594	-20.0445	2.97002e-15	20.0445 
78.0225	-35.0006	2.65759e-14	35.0006 
78.0856	-23.6136	5.50349e-15	23.6136 
78.1488	0.515549	-7.90207e-15	0.515549 
78.2119	4.46219	-4.21467e-15	4.46219 
78.275	-32.0146	-7.23019e-15	32.0146 
78.3381	-91.8454	1.1129e-14	91.8454 
78.4013	-128.619	-1.0323e-14	128.619 
78.4644	-103.438	2.72966e-15	103.438 
78.5275	-19.6266	-3.09201e-15	19.6266 
78.5906	75.8457	4.30472e-15	75.8457 
78.6538	127.13	-6.86981e-15	127.13 
78.7169	111.714	4.81272e-15	111.714 
78.78	54.7999	-8.32643e-15	54.7999 
78.8431	4.98229	1.46224e-14	4.98229 
78.9062	-6.22632	9.59741e-15	6.22632 
78.9694	14.0369	6.444e-15	14.0369 
79.0325	33.6346	-1.00251e-15	33.6346 
79.0956	28.5536	5.45214e-15	28.5536 
79.1587	3.85341	3.69584e-15	3.85341 
79.2219	-15.3922	1.15708e-14	15.3922 
79.285	-11.6766	6.08265e-15	11.6766 
79.3481	7.10734	-8.15562e-15	7.10734 
79.4112	16.819	1.42567e-14	16.819 
79.4744	3.07745	-5.32889e-15	3.07745 
79.5375	-22.8348	-5.08413e-15	22.8348 
79.6006	-35.0553	-1.8113e-14	35.0553 
79.6637	-20.9113	6.77557e-16	20.9113 
79.7269	2.64511	-1.39175e-14	2.64511 
79.79	2.35134	-1.14748e-14	2.35134 
79.8531	-38.4898	7.14005e-15	38.4898 
79.9163	-98.2755	4.35415e-15	98.2755 
79.9794	-129.274	-2.68879e-15	129.274 
80.0425	-96.1319	4.30239e-15	96.1319 
80.1056	-7.97497	1.20327e-14	7.97497 
80.1688	84.925	2.19917e-14	84.925 
80.2319	128.682	-5.25125e-15	128.682 
80.295	106.365	-8.83616e-15	106.365 
80.3581	47.7546	-4.60914e-15	47.7546 
80.4213	1.47689	1.45903e-15	1.47689 
80.4844	-4.98469	1.29647e-14	4.98469 
80.5475	17.0048	9.28706e-15	17.0048 
80.6106	34.4986	-4.50043e-15	34.4986 
80.6737	26.3017	1.09244e-14	26.3017 
80.7369	0.827818	-7.41717e-15	0.827818 
80.8	-16.2343	4.12074e-15	16.2343 
80.8631	-9.86637	-1.2301e-14	9.86637 
80.9262	9.1644	-6.85766e-15	9.1644 
80.9894	16.4527	1.42524e-14	16.4527 
81.0525	0.235728	1.25005e-14	0.235728 
81.1156	-25.424	-2.28585e-14	25.424 
81.1787	-34.7168	-4.97057e-15	34.7168 
81.2419	-18.0607	5.51175e-15	18.0607 
81.305	4.43299	-2.03617e-14	4.43299 
81.3681	-0.354324	1.41786e-15	0.354324 
81.4313	-45.254	3.59686e-15	45.254 
81.4944	-104.303	-2.20494e-15	104.303 
81.5575	-129.009	-2.68459e-15	129.009 
81.6206	-88.0332	8.20315e-15	88.0332 
81.6838	3.74506	-6.51741e-15	3.74506 
81.7469	93.2957	1.80486e-14	93.2957 
81.81	129.286	-2.08608e-14	129.286 
81.8731	100.503	1.71259e-15	100.503 
81.9363	40.9028	-1.18025e-14	40.9028 
81.9994	-1.44275	-9.4872e-15	1.44275 
82.0625	-3.33295	1.02086e-14	3.33295 
82.1256	19.8963	4.0604e-16	19.8963 
82.1887	34.9783	5.73092e-15	34.9783 
82.2519	23.7952	8.84555e-15	23.7952 
82.315	-2.07028	-4.70292e-15	2.07028 
82.3781	-16.7272	-3.00508e-15	16.7272 
82.4412	-7.86791	-6.66968e-16	7.86791 
82.5044	11.0469	-7.17768e-15	11.0469 
82.5675	15.7363	1.5606e-14	15.7363 
82.6306	-2.74877	1.59678e-14	2.74877 
82.6937	-27.7721	9.0968e-16	27.7721 
82.7569	-33.9902	-4.41558e-15	33.9902 
82.82	-15.114	1.15846e-14	15.114 
82.8831	5.82818	-9.30319e-15	5.82818 
82.9463	-3.64964	3.84207e-15	3.64964 
83.0094	-52.2379	-1.24728e-14	52.2379 
83.0725	-109.846	-5.52054e-15	109.846 
83.1356	-127.801	-9.39314e-15	127.801 
83.1988	-79.202	3.4289e-15	79.202 
83.2619	15.4329	6.40222e-15	15.4329 
83.325	100.894	2.07803e-14	100.894 
83.3881	128.96	-1.36083e-14	128.96 
83.4513	94.2088	-1.45357e-14	94.2088 
83.5144	34.3156	-2.02802e-14	34.3156 
83.5775	-3.76848	8.72871e-17	3.76848 
83.6406	-1.32067	-1.01621e-14	1.32067 
83.7037	22.658	9.34031e-15	22.658 
83.7669	35.0658	5.61324e-15	35.0658 
83.83	21.0727	2.91582e-15	21.0727 
83.8931	-4.79945	-3.67143e-15	4.79945 
83.9562	-16.8698	-6.75138e-16	16.8698 
84.0194	-5.71996	1.7603e-15	5.71996 
84.0825	12.7178	1.20348e-15	12.7178 
84.1456	14.6743	-4.9835e-15	14.6743 
84.2087	-5.83299	1.01812e-15	5.83299 
84.2719	-29.8426	-1.18537e-14	29.8426 
84.335	-32.8877	7.14597e-15	32.8877 
84.3981	-12.1266	1.00819e-15	12.1266 
84.4613	6.78388	1.13111e-14	6.78388 
84.5244	-7.52118	4.0109e-15	7.52118 
84.5875	-59.3676	-4.41624e-15	59.3676 
84.6506	-114.829	3.09552e-15	114.829 
84.7138	-125.637	6.22636e-16	125.637 
84.7769	-69.7068	3.37419e-15	69.7068 
84.84	26.9884	2.62233e-16	26.9884 
84.9031	107.666	-7.15123e-15	107.666 
84.9663	127.733	-2.49008e-14	127.733 
85.0294	87.5649	-9.97484e-15	87.5649 
85.0925	28.0585	-1.12171e-14	28.0585 
85.1556	-5.50039	3.75319e-15	5.50039 
85.2188	0.99889	-1.6465e-15	0.99889 
85.2819	25.2396	1.98862e-15	25.2396 
85.345	34.7598	4.22415e-16	34.7598 
85.4081	18.1762	-7.10326e-15	18.1762 
85.4712	-7.32132	-2.10607e-14	7.32132 
85.5344	-16.6667	6.62129e-15	16.6667 
85.5975	-3.46367	7.89275e-15	3.46367 
85.6606	14.1437	-8.2525e-15	14.1437 
85.7237	13.2772	9.13059e-15	13.2772 
85.7869	-8.97192	1.21234e-15	8.97192 
85.85	-31.603	-1.35614e-14	31.603 
85.9131	-31.4275	1.91915e-14	31.4275 
85.9762	-9.15598	9.91443e-15	9.15598 
86.0394	7.25825	-5.03861e-15	7.25825 
86.1025	-11.9472	-8.35543e-15	11.9472 
86.1656	-66.5647	-2.80972e-15	66.5647 
86.2288	-119.177	3.61117e-15	119.177 
86.2919	-122.513	-7.23812e-15	122.513 
86.355	-59.6236	1.22594e-14	59.6236 
86.4181	38.3127	-6.83489e-15	38.3127 
86.4813	113.564	1.97957e-14	113.564 
86.5444	125.645	8.60905e-15	125.645 
86.6075	80.6557	-1.68238e-14	80.6557 
86.6706	22.1909	-1.14421e-14	22.1909 
86.7338	-6.64657	5.12494e-15	6.64657 
86.7969	3.5696	1.66209e-14	3.5696 
86.86	27.5953	-7.69141e-15	27.5953 
86.9231	34.0654	-8.24551e-15	34.0654 
86.9862	15.1499	-5.23332e-15	15.1499 
87.0494	-9.60112	-2.07488e-15	9.60112 
87.1125	-16.128	5.71953e-15	16.128 
87.1756	-1.14191	1.29125e-15	1.14191 
87.2387	15.2947	-4.20862e-15	15.2947 
87.3019	11.5608	4.94311e-15	11.5608 
87.365	-12.1192	-1.81971e-15	12.1192 
87.4281	-33.0256	-1.83333e-14	33.0256 
87.4912	-29.6343	1.67362e-14	29.6343 
87.5544	-6.26113	1.31023e-14	6.26113 
87.6175	7.2151	-9.10507e-15	7.2151 
87.6806	-16.8977	-6.98375e-15	16.8977 
87.7438	-73.7481	-1.35752e-14	73.7481 
87.8069	-122.824	-7.69446e-15	122.824 
87.87	-118.437	-7.51239e-15	118.437 
87.9331	-49.0348	-1.54298e-14	49.0348 
87.9963	49.3097	1.19962e-14	49.3097 
88.0594	118.552	1.57625e-14	118.552 
88.1225	122.741	-2.38768e-14	122.741 
88.1856	73.5662	-1.65916e-14	73.5662 
88.2488	16.7656	-8.48381e-15	16.7656 
88.3119	-7.22287	-7.32745e-15	7.22287 
88.375	6.33334	7.67345e-15	6.33334 
88.4381	29.6838	-2.07321e-15	29.6838 
88.5012	32.9938	-8.02169e-15	32.9938 
88.5644	12.0395	-6.4853e-15	12.0395 
88.6275	-11.6083	4.42478e-15	11.6083 
88.6906	-15.2691	3.61699e-15	15.2691 
88.7537	1.20142	-9.20137e-15	1.20142 
88.8169	16.1457	7.90709e-15	16.1457 
88.88	9.5464	7.70845e-15	9.5464 
88.9431	-15.2281	4.42044e-15	15.2281 
89.0062	-34.0878	-6.49512e-15	34.0878 
89.0694	-27.5386	5.2807e-15	27.5386 
89.1325	-3.50157	-1.11315e-14	3.50157 
89.1956	6.62457	1.2093e-14	6.62457 
89.2588	-22.3349	-8.00319e-15	22.3349 
89.3219	-80.834	1.59315e-14	80.834 
89.385	-125.708	1.59454e-14	125.708 
89.4481	-113.425	-5.39234e-15	113.425 
89.5113	-38.0284	6.07843e-15	38.0284 
89.5744	59.8867	5.60918e-15	59.8867 
89.6375	122.605	3.39731e-15	122.605 
89.7006	119.075	-1.50113e-14	119.075 
89.7638	66.3815	-5.43729e-15	66.3815 
89.8269	11.828	6.06574e-15	11.828 
89.89	-7.25246	-9.02362e-15	7.25246 
89.9531	9.23085	9.24861e-15	9.23085 
90.0162	31.4689	-4.39887e-15	31.4689 
90.0794	31.5623	1.65574e-14	31.5623 
90.1425	8.89178	9.13496e-15	8.89178 
90.2056	-13.3167	9.59876e-15	13.3167 
90.2687	-14.1107	2.02044e-15	14.1107 
90.3319	3.52205	-1.06548e-14	3.52205 
90.395	16.6761	-2.5556e-15	16.6761 
90.4581	7.26004	-1.01165e-15	7.26004 
90.5212	-18.2517	9.1114e-15	18.2517 
90.5844	-34.7724	-8.67438e-15	34.7724 
90.6475	-25.1766	-8.43565e-15	25.1766 
90.7106	-0.936538	-8.04369e-15	0.936538 
90.7738	5.46365	-1.26291e-14	5.46365 
90.8369	-28.213	-2.75815e-15	28.213 
90.9	-87.7375	3.87601e-15	87.7375 
90.9631	-127.776	6.90391e-15	127.776 
91.0263	-107.504	-1.08893e-14	107.504 
91.0894	-26.697	1.48671e-14	26.697 
91.1525	69.9559	-1.10097e-14	69.9559 
91.2156	125.704	5.22247e-15	125.704 
91.2788	114.71	-1.16492e-14	114.71 
91.3419	59.185	-1.61605e-14	59.185 
91.405	7.41573	-8.65727e-16	7.41573 
91.4681	-6.76537	-3.18507e-15	6.76537 
91.5312	12.2026	1.92088e-14	12.2026 
91.5944	32.9203	1.01502e-16	32.9203 
91.6575	29.7936	6.43911e-15	29.7936 
91.7206	5.75368	2.25095e-14	5.75368 
91.7837	-14.7055	1.38769e-14	14.7055 
91.8469	-12.6782	1.29416e-14	12.6782 
91.91	5.77612	-1.39379e-14	5.77612 
91.9731	16.8705	-1.42689e-14	16.8705 
92.0362	4.73245	7.39832e-15	4.73245 
92.0994	-21.1443	1.45232e-14	21.1443 
92.1625	-35.0685	-1.35062e-14	35.0685 
92.2256	-22.5897	4.36863e-15	22.5897 
92.2887	1.37589	-1.54546e-14	1.37589 
92.3519	3.7167	1.95639e-15	3.7167 
92.415	-34.4793	3.00247e-15	34.4793 
92.4781	-94.3735	8.2765e-15	94.3735 
92.5413	-128.979	-7.52662e-16	128.979 
92.6044	-100.711	-1.54456e-14	100.711 
92.6675	-15.1369	7.08663e-15	15.1369 
92.7306	79.4351	4.05845e-15	79.4351 
92.7938	127.843	-5.29767e-15	127.843 
92.8569	109.712	-2.01075e-15	109.712 
92.92	52.0582	-1.29747e-14	52.0582 
92.9831	3.55861	3.25474e-15	3.55861 
93.0463	-5.79795	-9.9058e-15	5.79795 
93.1094	15.1897	8.08281e-16	15.1897 
93.1725	34.0134	1.04458e-14	34.0134 
93.2356	27.7156	1.87986e-14	27.7156 
93.2987	2.67144	3.49288e-16	2.67144 
93.3619	-15.7588	5.62568e-15	15.7588 
93.425	-11.0015	-5.06419e-15	11.0015 
93.4881	7.92077	3.37634e-15	7.92077 
93.5512	16.719	6.77804e-15	16.719 
93.6144	1.99849	7.35263e-15	1.99849 
93.6775	-23.8618	1.54573e-15	23.8618 
93.7406	-34.9709	-3.87555e-15	34.9709 
93.8037	-19.8242	8.28282e-15	19.8242 
93.8669	3.37965	-1.49432e-14	3.37965 
93.93	1.37583	4.64216e-15	1.37583 
93.9931	-41.0741	1.11991e-15	41.0741 
94.0563	-100.658	6.69102e-15	100.658 
94.1194	-129.282	1.98164e-15	129.282 
94.1825	-93.0921	-3.37787e-15	93.0921 
94.2456	-3.44695	9.58585e-15	3.44695 
94.3088	88.2485	7.08778e-16	88.2485 
94.3719	129.027	5.30125e-15	129.027 
94.435	104.155	-1.4018e-14	104.155 
94.4981	45.0789	-4.10875e-15	45.0789 
94.5613	0.278161	-1.58973e-14	0.278161 
94.6244	-4.39218	-1.70883e-14	4.39218 
94.6875	18.1346	1.05099e-14	18.1346 
94.7506	34.7302	-5.27014e-15	34.7302 
94.8137	25.3609	6.55237e-15	25.3609 
94.8769	-0.309952	-5.9634e-15	0.309952 
94.94	-16.4664	-7.94868e-15	16.4664 
95.0031	-9.11408	1.40772e-14	9.11408 
95.0662	9.9149	-2.39224e-14	9.9149 
95.1294	16.2172	-7.1189e-15	16.2172 
95.1925	-0.903373	1.19377e-14	0.903373 
95.2556	-26.3623	3.13094e-15	26.3623 
95.3187	-34.4814	5.25886e-15	34.4814 
95.3819	-16.93	-1.71602e-15	16.93 
95.445	5.02156	-1.58838e-14	5.02156 
95.5081	-1.55884	1.86859e-14	1.55884 
95.5713	-47.9317	-4.81199e-15	47.9317 
95.6344	-106.507	1.14599e-14	106.507 
95.6975	-128.655	2.10061e-14	128.655 
95.7606	-84.7026	7.77084e-15	84.7026 
95.8238	8.2726	-5.97231e-15	8.2726 
95.8869	96.3278	4.22085e-15	96.3278 
95.95	129.268	6.63329e-15	129.268 
96.0131	98.1166	4.4584e-15	98.1166 
96.0763	38.3213	-2.91793e-14	38.3213 
96.1394	-2.4124	-6.28486e-15	2.4124 
96.2025	-2.59496	1.0541e-14	2.59496 
96.2656	20.9821	-3.37976e-15	20.9821 
96.3287	35.0588	-8.81261e-15	35.0588 
96.3919	22.7661	3.56067e-15	22.7661 
96.455	-3.14751	1.67358e-15	3.14751 
96.5181	-16.8238	4.18785e-15	16.8238 
96.5812	-7.05309	5.17577e-15	7.05309 
96.6444	11.7198	-1.10284e-15	11.7198 
96.7075	15.3662	1.43436e-14	15.3662 
96.7706	-3.93165	2.52139e-15	3.93165 
96.8337	-28.6072	-3.51284e-15	28.6072 
96.8969	-33.6077	-7.9341e-15	33.6077 
96.96	-13.9609	1.00105e-14	13.9609 
97.0231	6.25215	-1.2673e-14	6.25215 
97.0863	-5.07896	2.51346e-14	5.07896 
97.1494	-54.981	-1.10738e-14	54.981 
97.2125	-111.843	1.47458e-16	111.843 
97.2756	-127.078	9.16246e-15	127.078 
97.3388	-75.6061	-1.99921e-14	75.6061 
97.4019	19.9211	7.80881e-15	19.9211 
97.465	103.613	-1.50286e-14	103.613 
97.5281	128.591	-1.17655e-14	128.591 
97.5913	91.6773	-1.13354e-14	91.6773 
97.6544	31.8542	-4.17033e-15	31.8542 
97.7175	-4.50813	-6.05524e-15	4.50813 
97.7806	-0.457402	-1.06549e-14	0.457402 
97.8438	23.6799	1.26734e-15	23.6799 
97.9069	34.994	-1.61787e-14	34.994 
97.97	19.9713	6.8852e-15	19.9713 
98.0331	-5.8009	1.54549e-15	5.8009 
98.0962	-16.8319	-1.36968e-15	16.8319 
98.1594	-4.85827	7.44651e-16	4.85827 
98.2225	13.2998	-2.87585e-14	13.2998 
98.2856	14.1732	-1.34107e-14	14.1732 
98.3487	-7.04245	9.38735e-15	7.04245 
98.4119	-30.5615	-6.2665e-16	30.5615 
98.475	-32.3644	-7.44191e-15	32.3644 
98.5381	-10.973	9.85283e-15	10.973 
98.6012	7.02644	-1.59792e-14	7.02644 
98.6644	-9.16787	1.40582e-14	9.16787 
98.7275	-62.1462	8.71107e-15	62.1462 
98.7906	-116.589	1.57391e-14	116.589 
98.8538	-124.543	1.26064e-14	124.543 
98.9169	-65.8743	-8.4542e-15	65.8743 
98.98	31.3988	-4.88815e-15	31.3988 
99.0431	110.051	-1.1456e-14	110.051 
99.1063	127.026	6.36209e-15	127.026 
99.1694	84.9208	4.87274e-15	84.9208 
99.2325	25.741	-1.21354e-14	25.741 
99.2956	-6.01222	-7.41473e-15	6.01222 
99.3588	1.96602	8.5649e-15	1.96602 
99.4219	26.1794	2.34172e-15	26.1794 
99.485	34.5369	2.02161e-15	34.5369 
99.5481	17.0192	2.18027e-14	17.0192 
99.6112	-8.2331	-1.98388e-14	8.2331 
99.6744	-16.4975	1.47582e-14	16.4975 
99.7375	-2.57152	9.69141e-15	2.57152 
99.8006	14.6227	-2.03446e-14	14.6227 
99.8637	12.6505	1.38865e-15	12.6505 
99.9269	-10.1902	-1.48698e-14	10.1902 
99.99	-32.1944	-1.77834e-15	32.1944 
100.053	-30.7723	-7.79901e-15	30.7723 
100.116	-8.02467	1.43615e-14	8.02467 
100.179	7.30471	-2.74718e-14	7.30471 
100.243	-13.8006	6.16216e-15	13.8006 
100.306	-69.3478	2.8124e-15	69.3478 
100.369	-120.674	3.10372e-14	120.674 
100.432	-121.05	3.88886e-15	121.05 
100.495	-55.5855	-1.34391e-14	55.5855 
100.558	42.6078	-4.64641e-15	42.6078 
100.621	115.602	-7.69461e-16	115.602 
100.684	124.616	7.06797e-15	124.616 
100.748	77.9318	4.12778e-15	77.9318 
100.811	20.0386	-2.39718e-14	20.0386 
100.874	-6.93581	-1.29152e-15	6.93581 
100.937	4.61833	8.65299e-15	4.61833 

