0	1.61559e-28	-2.22045e-15	2.22045e-15 
0.063125	28.5055	-2.20933e-15	28.5055 
0.12625	39.9951	1.51634e-16	39.9951 
0.189375	27.61	7.3489e-15	27.61 
0.2525	-1.25643	5.04187e-16	1.25643 
0.315625	-29.3729	-3.47211e-15	29.3729 
0.37875	-39.9556	-4.90601e-15	39.9556 
0.441875	-26.6873	-2.71807e-15	26.6873 
0.505	2.51162	-2.58101e-15	2.51162 
0.568125	30.2113	1.86213e-15	30.2113 
0.63125	39.8767	2.65677e-15	39.8767 
0.694375	25.7382	-2.72381e-15	25.7382 
0.7575	-3.76433	-5.22308e-15	3.76433 
0.820625	-31.0198	-7.33465e-15	31.0198 
0.88375	-39.7584	1.43253e-15	39.7584 
0.946875	-24.7638	3.60969e-16	24.7638 
1.01	5.01333	4.99586e-16	5.01333 
1.07313	31.7978	-5.88698e-15	31.7978 
1.13625	39.6009	3.08029e-15	39.6009 
1.19938	23.7648	-6.23026e-15	23.7648 
1.2625	-6.25738	6.78776e-16	6.25738 
1.32563	-32.5443	2.78428e-15	32.5443 
1.38875	-39.4044	-8.76147e-15	39.4044 
1.45188	-22.7425	1.30848e-15	22.7425 
1.515	7.49525	3.61567e-15	7.49525 
1.57812	33.2588	-8.19489e-16	33.2588 
1.64125	39.1689	-2.31295e-15	39.1689 
1.70437	21.6977	-1.79994e-15	21.6977 
1.7675	-8.72573	1.65416e-15	8.72573 
1.83062	-33.9404	-1.92144e-15	33.9404 
1.89375	-38.8948	1.57758e-15	38.8948 
1.95687	-20.6314	-2.91092e-15	20.6314 
2.02	9.9476	-2.65815e-15	9.9476 
2.08312	34.5885	4.69673e-15	34.5885 
2.14625	38.5823	-2.38447e-15	38.5823 
2.20938	19.5448	-4.31521e-15	19.5448 
2.2725	-11.1596	-1.85169e-15	11.1596 
2.33562	-35.2025	5.73069e-16	35.2025 
2.39875	-38.2317	-5.17719e-15	38.2317 
2.46188	-18.439	-1.06619e-15	18.439 
2.525	12.3607	-5.39025e-15	12.3607 
2.58812	35.7818	-5.95843e-15	35.7818 
2.65125	37.8434	-1.91203e-15	37.8434 
2.71437	17.3149	-3.6259e-16	17.3149 
2.7775	-13.5495	-5.70771e-15	13.5495 
2.84063	-36.3257	-2.84139e-15	36.3257 
2.90375	-37.4178	-5.63573e-15	37.4178 
2.96687	-16.1737	-2.91612e-15	16.1737 
3.03	14.725	9.09079e-15	14.725 
3.09313	36.8338	-3.11964e-15	36.8338 
3.15625	36.9552	1.30988e-15	36.9552 
3.21937	15.0166	-3.60688e-16	15.0166 
3.2825	-15.8859	6.19725e-15	15.8859 
3.34563	-37.3056	-4.08981e-15	37.3056 
3.40875	-36.4561	-2.79712e-15	36.4561 
3.47187	-13.8447	1.16989e-14	13.8447 
3.535	17.0312	-7.75938e-16	17.0312 
3.59813	37.7405	-1.16042e-14	37.7405 
3.66125	35.9211	6.25424e-17	35.9211 
3.72438	12.6591	-8.61692e-15	12.6591 
3.7875	-18.1596	-8.7738e-15	18.1596 
3.85062	-38.1382	-1.78118e-15	38.1382 
3.91375	-35.3506	-1.7194e-15	35.3506 
3.97688	-11.461	2.05589e-15	11.461 
4.04	19.2701	2.71185e-15	19.2701 
4.10313	38.4982	-3.19224e-15	38.4982 
4.16625	34.7453	-5.22534e-15	34.7453 
4.22938	10.2516	6.60462e-15	10.2516 
4.2925	-20.3617	7.84611e-15	20.3617 
4.35562	-38.8203	-2.63811e-15	38.8203 
4.41875	-34.1056	4.27298e-16	34.1056 
4.48187	-9.03205	-2.88821e-15	9.03205 
4.545	21.4331	1.52782e-16	21.4331 
4.60813	39.104	6.73982e-15	39.104 
4.67125	33.4323	1.44448e-15	33.4323 
4.73438	7.80361	-5.67223e-16	7.80361 
4.7975	-22.4833	-9.77239e-15	22.4833 
4.86062	-39.3491	-3.63036e-15	39.3491 
4.92375	-32.726	-4.30361e-15	32.726 
4.98688	-6.56747	1.81356e-15	6.56747 
5.05	23.5114	4.07899e-15	23.5114 
5.11313	39.5555	3.11779e-16	39.5555 
5.17625	31.9874	-6.7618e-15	31.9874 
5.23937	5.32485	-3.36409e-15	5.32485 
5.3025	-24.5163	6.54727e-15	24.5163 
5.36562	-39.7227	-4.48608e-15	39.7227 
5.42875	-31.2172	-3.75914e-15	31.2172 
5.49188	-4.07698	-4.22053e-15	4.07698 
5.555	25.497	8.88266e-15	25.497 
5.61813	39.8508	-4.99694e-16	39.8508 
5.68125	30.4162	-9.98951e-16	30.4162 
5.74437	2.82508	-9.47937e-15	2.82508 
5.8075	-26.4525	2.93459e-15	26.4525 
5.87063	-39.9396	2.38333e-16	39.9396 
5.93375	-29.5852	3.09229e-15	29.5852 
5.99688	-1.57039	1.73715e-15	1.57039 
6.06	27.3819	-1.83673e-15	27.3819 
6.12312	39.9889	1.05072e-14	39.9889 
6.18625	28.7251	2.18753e-15	28.7251 
6.24937	0.314156	-9.59679e-16	0.314156 
6.3125	-28.2843	9.74442e-15	28.2843 
6.37563	-39.9988	1.81852e-15	39.9988 
6.43875	-27.8365	-1.3887e-15	27.8365 
6.50188	0.942391	-1.79731e-15	0.942391 
6.565	29.1587	-2.29319e-15	29.1587 
6.62812	39.9692	-3.21917e-15	39.9692 
6.69125	26.9205	2.70139e-15	26.9205 
6.75437	-2.19801	-4.11976e-15	2.19801 
6.8175	-30.0044	-2.06355e-15	30.0044 
6.88063	-39.9001	-3.71847e-16	39.9001 
6.94375	-25.9779	-7.26366e-15	25.9779 
7.00687	3.45145	1.03152e-14	3.45145 
7.07	30.8205	8.71436e-15	30.8205 
7.13312	39.7917	5.76114e-15	39.7917 
7.19625	25.0097	-1.68806e-15	25.0097 
7.25938	-4.7015	7.76661e-15	4.7015 
7.3225	-31.6062	1.32441e-15	31.6062 
7.38563	-39.644	2.08834e-16	39.644 
7.44875	-24.0168	-4.42324e-15	24.0168 
7.51187	5.9469	6.07407e-15	5.9469 
7.575	32.3607	7.18726e-15	32.3607 
7.63812	39.4572	-1.99483e-15	39.4572 
7.70125	23.0002	3.62706e-15	23.0002 
7.76438	-7.18643	-3.20396e-15	7.18643 
7.8275	-33.0832	-4.72123e-15	33.0832 
7.89062	-39.2314	1.20995e-15	39.2314 
7.95375	-21.9609	8.95084e-15	21.9609 
8.01688	8.41887	-4.38974e-16	8.41887 
8.08	33.7731	8.85462e-16	33.7731 
8.14312	38.9669	-1.77142e-16	38.9669 
8.20625	20.8999	-8.91908e-15	20.8999 
8.26938	-9.643	-1.25753e-15	9.643 
8.3325	-34.4297	1.13424e-14	34.4297 
8.39563	-38.664	-7.13944e-15	38.664 
8.45875	-19.8183	5.98727e-15	19.8183 
8.52187	10.8576	2.73123e-15	10.8576 
8.585	35.0523	3.22038e-15	35.0523 
8.64813	38.3229	8.29786e-15	38.3229 
8.71125	18.7172	-1.53395e-15	18.7172 
8.77437	-12.0615	-2.48118e-15	12.0615 
8.8375	-35.6403	-9.50614e-16	35.6403 
8.90062	-37.944	3.84555e-15	37.944 
8.96375	-17.5976	-3.34003e-16	17.5976 
9.02688	13.2535	-1.99513e-15	13.2535 
9.09	36.1931	4.98808e-16	36.1931 
9.15312	37.5277	-4.17251e-15	37.5277 
9.21625	16.4606	2.77825e-15	16.4606 
9.27937	-14.4324	-2.52965e-15	14.4324 
9.3425	-36.7102	1.35784e-15	36.7102 
9.40563	-37.0743	-1.91754e-15	37.0743 
9.46875	-15.3073	-2.24203e-15	15.3073 
9.53187	15.5971	7.49537e-15	15.5971 
9.595	37.1911	1.21682e-15	37.1911 
9.65813	36.5843	-1.64002e-15	36.5843 
9.72125	14.139	-4.06162e-15	14.139 
9.78438	-16.7464	-4.63834e-15	16.7464 
9.8475	-37.6352	2.21742e-15	37.6352 
9.91062	-36.0582	4.72236e-15	36.0582 
9.97375	-12.9567	7.62615e-16	12.9567 
10.0369	17.8791	2.12952e-15	17.8791 
10.1	38.0423	3.49667e-17	38.0423 
10.1631	35.4965	1.78956e-15	35.4965 
10.2263	11.7616	5.08467e-15	11.7616 
10.2894	-18.9943	-6.04449e-15	18.9943 
10.3525	-38.4117	6.35242e-15	38.4117 
10.4156	-34.8998	1.77458e-16	34.8998 
10.4787	-10.5549	7.05385e-15	10.5549 
10.5419	20.0906	-8.39593e-15	20.0906 
10.605	38.7433	-5.21493e-15	38.7433 
10.6681	34.2687	-5.51983e-15	34.2687 
10.7312	9.33781	-6.92849e-15	9.33781 
10.7944	-21.1672	-6.0249e-16	21.1672 
10.8575	-39.0367	-3.59568e-15	39.0367 
10.9206	-33.6037	-2.43592e-17	33.6037 
10.9838	-8.11149	-7.19909e-15	8.11149 
11.0469	22.2228	-1.56952e-15	22.2228 
11.11	39.2915	-5.43655e-16	39.2915 
11.1731	32.9056	1.79103e-15	32.9056 
11.2363	6.87716	-9.70784e-16	6.87716 
11.2994	-23.2565	-3.30946e-15	23.2565 
11.3625	-39.5075	6.21274e-15	39.5075 
11.4256	-32.175	-3.69992e-15	32.175 
11.4887	-5.63605	2.43128e-15	5.63605 
11.5519	24.2673	-3.38187e-15	24.2673 
11.615	39.6846	-4.64749e-15	39.6846 
11.6781	31.4127	-2.53444e-15	31.4127 
11.7413	4.38937	-7.23214e-15	4.38937 
11.8044	-25.2541	-2.25341e-15	25.2541 
11.8675	-39.8225	-9.12971e-15	39.8225 
11.9306	-30.6193	7.32883e-15	30.6193 
11.9938	-3.13836	4.14791e-15	3.13836 
12.0569	26.216	-9.02747e-16	26.216 
12.12	39.9211	-9.02594e-16	39.9211 
12.1831	29.7958	6.30614e-15	29.7958 
12.2462	1.88426	-1.20006e-14	1.88426 
12.3094	-27.152	-2.89426e-15	27.152 
12.3725	-39.9803	4.24006e-15	39.9803 
12.4356	-28.9428	-9.99217e-15	28.9428 
12.4987	-0.628293	5.72052e-15	0.628293 
12.5619	28.0613	1.33965e-15	28.0613 
12.625	40	-3.05465e-15	40 
12.6881	28.0613	-3.62446e-16	28.0613 
12.7513	-0.628293	-2.38478e-15	0.628293 
12.8144	-28.9428	8.77218e-16	28.9428 
12.8775	-39.9803	-2.45783e-15	39.9803 
12.9406	-27.152	8.85715e-15	27.152 
13.0038	1.88426	6.18941e-16	1.88426 
13.0669	29.7958	-8.02109e-15	29.7958 
13.13	39.9211	4.49968e-15	39.9211 
13.1931	26.216	-1.18725e-14	26.216 
13.2562	-3.13836	4.64907e-16	3.13836 
13.3194	-30.6193	-3.82527e-15	30.6193 
13.3825	-39.8225	-2.25945e-15	39.8225 
13.4456	-25.2541	9.53064e-16	25.2541 
13.5087	4.38937	2.26438e-15	4.38937 
13.5719	31.4127	9.57517e-16	31.4127 
13.635	39.6846	-4.50421e-15	39.6846 
13.6981	24.2673	-3.10727e-15	24.2673 
13.7613	-5.63605	7.32692e-15	5.63605 
13.8244	-32.175	-1.11301e-14	32.175 
13.8875	-39.5075	-3.39286e-15	39.5075 
13.9506	-23.2565	2.80651e-16	23.2565 
14.0137	6.87716	-8.75044e-16	6.87716 
14.0769	32.9056	1.0328e-14	32.9056 
14.14	39.2915	2.37153e-15	39.2915 
14.2031	22.2228	4.96511e-15	22.2228 
14.2662	-8.11149	-1.08331e-14	8.11149 
14.3294	-33.6037	-1.59869e-15	33.6037 
14.3925	-39.0367	-5.15993e-15	39.0367 
14.4556	-21.1672	3.42064e-15	21.1672 
14.5188	9.33781	7.97083e-15	9.33781 
14.5819	34.2687	-4.77063e-15	34.2687 
14.645	38.7433	-9.60687e-15	38.7433 
14.7081	20.0906	1.86817e-15	20.0906 
14.7713	-10.5549	-5.14936e-15	10.5549 
14.8344	-34.8998	-2.63333e-15	34.8998 
14.8975	-38.4117	2.98173e-15	38.4117 
14.9606	-18.9943	2.66389e-15	18.9943 
15.0237	11.7616	3.08327e-15	11.7616 
15.0869	35.4965	4.81893e-15	35.4965 
15.15	38.0423	7.05466e-16	38.0423 
15.2131	17.8791	1.10864e-15	17.8791 
15.2762	-12.9567	-4.57788e-16	12.9567 
15.3394	-36.0582	4.36139e-15	36.0582 
15.4025	-37.6352	3.58121e-15	37.6352 
15.4656	-16.7464	3.54551e-15	16.7464 
15.5288	14.139	3.12778e-15	14.139 
15.5919	36.5843	-2.03293e-15	36.5843 
15.655	37.1911	4.96568e-15	37.1911 
15.7181	15.5971	-1.8626e-15	15.5971 
15.7812	-15.3073	7.54517e-15	15.3073 
15.8444	-37.0743	-2.20049e-15	37.0743 
15.9075	-36.7102	-5.07593e-15	36.7102 
15.9706	-14.4324	-1.87355e-15	14.4324 
16.0338	16.4606	1.16271e-14	16.4606 
16.0969	37.5277	-6.32196e-16	37.5277 
16.16	36.1931	1.65947e-15	36.1931 
16.2231	13.2535	7.76793e-15	13.2535 
16.2862	-17.5976	-5.4043e-15	17.5976 
16.3494	-37.944	-3.22845e-16	37.944 
16.4125	-35.6403	-3.90791e-16	35.6403 
16.4756	-12.0615	1.13817e-15	12.0615 
16.5388	18.7172	4.23237e-15	18.7172 
16.6019	38.3229	6.02559e-15	38.3229 
16.665	35.0523	-5.9102e-15	35.0523 
16.7281	10.8576	-1.91061e-15	10.8576 
16.7913	-19.8183	4.46392e-16	19.8183 
16.8544	-38.664	5.04612e-15	38.664 
16.9175	-34.4297	-1.05972e-15	34.4297 
16.9806	-9.643	6.42488e-15	9.643 
17.0437	20.8999	-8.88888e-17	20.8999 
17.1069	38.9669	-1.70026e-15	38.9669 
17.17	33.7731	2.0901e-15	33.7731 
17.2331	8.41887	-2.44212e-15	8.41887 
17.2963	-21.9609	1.87496e-15	21.9609 
17.3594	-39.2314	2.78686e-15	39.2314 
17.4225	-33.0832	4.44066e-15	33.0832 
17.4856	-7.18643	-5.67448e-16	7.18643 
17.5487	23.0002	-4.02727e-15	23.0002 
17.6119	39.4572	7.35094e-16	39.4572 
17.675	32.3607	-8.67329e-15	32.3607 
17.7381	5.9469	2.66716e-15	5.9469 
17.8012	-24.0168	7.34289e-15	24.0168 
17.8644	-39.644	-3.33336e-15	39.644 
17.9275	-31.6062	2.1064e-15	31.6062 
17.9906	-4.7015	2.04116e-15	4.7015 
18.0538	25.0097	-4.24336e-15	25.0097 
18.1169	39.7917	4.56517e-15	39.7917 
18.18	30.8205	2.50662e-15	30.8205 
18.2431	3.45145	6.45673e-15	3.45145 
18.3062	-25.9779	6.01397e-15	25.9779 
18.3694	-39.9001	5.42697e-15	39.9001 
18.4325	-30.0044	-7.67249e-15	30.0044 
18.4956	-2.19801	-3.95987e-15	2.19801 
18.5587	26.9205	4.66294e-15	26.9205 
18.6219	39.9692	5.79589e-16	39.9692 
18.685	29.1587	-5.95816e-16	29.1587 
18.7481	0.942391	1.00397e-14	0.942391 
18.8113	-27.8365	-6.25813e-15	27.8365 
18.8744	-39.9988	1.77493e-15	39.9988 
18.9375	-28.2843	9.19894e-16	28.2843 
19.0006	0.314156	2.7135e-15	0.314156 
19.0637	28.7251	-3.76522e-15	28.7251 
19.1269	39.9889	7.66216e-15	39.9889 
19.19	27.3819	2.92692e-15	27.3819 
19.2531	-1.57039	-5.53112e-15	1.57039 
19.3163	-29.5852	-1.22218e-15	29.5852 
19.3794	-39.9396	1.19768e-14	39.9396 
19.4425	-26.4525	-4.53638e-15	26.4525 
19.5056	2.82508	-3.36755e-16	2.82508 
19.5688	30.4162	6.60618e-15	30.4162 
19.6319	39.8508	-1.23662e-14	39.8508 
19.695	25.497	6.52451e-15	25.497 
19.7581	-4.07698	2.83862e-15	4.07698 
19.8212	-31.2172	3.92626e-15	31.2172 
19.8844	-39.7227	6.14547e-15	39.7227 
19.9475	-24.5163	2.03093e-15	24.5163 
20.0106	5.32485	-7.64989e-15	5.32485 
20.0738	31.9874	2.3441e-15	31.9874 
20.1369	39.5555	-4.75702e-15	39.5555 
20.2	23.5114	4.5465e-16	23.5114 
20.2631	-6.56747	6.74514e-15	6.56747 
20.3263	-32.726	-5.0937e-15	32.726 
20.3894	-39.3491	-1.0964e-14	39.3491 
20.4525	-22.4833	-2.72436e-15	22.4833 
20.5156	7.80361	-3.12242e-15	7.80361 
20.5787	33.4323	6.73178e-15	33.4323 
20.6419	39.104	4.45642e-15	39.104 
20.705	21.4331	5.35602e-15	21.4331 
20.7681	-9.03205	-5.07192e-15	9.03205 
20.8313	-34.1056	-7.17399e-16	34.1056 
20.8944	-38.8203	-5.37987e-15	38.8203 
20.9575	-20.3617	5.66235e-15	20.3617 
21.0206	10.2516	9.82511e-17	10.2516 
21.0837	34.7453	-1.40086e-15	34.7453 
21.1469	38.4982	9.90013e-16	38.4982 
21.21	19.2701	-3.0001e-15	19.2701 
21.2731	-11.461	1.55207e-16	11.461 
21.3362	-35.3506	-8.80834e-15	35.3506 
21.3994	-38.1382	1.15253e-15	38.1382 
21.4625	-18.1596	-1.54613e-15	18.1596 
21.5256	12.6591	5.48022e-16	12.6591 
21.5888	35.9211	1.56071e-15	35.9211 
21.6519	37.7405	3.39947e-16	37.7405 
21.715	17.0312	-1.33753e-14	17.0312 
21.7781	-13.8447	-5.84767e-15	13.8447 
21.8412	-36.4561	8.37275e-16	36.4561 
21.9044	-37.3056	-4.30482e-15	37.3056 
21.9675	-15.8859	-5.93841e-16	15.8859 
22.0306	15.0166	-6.05798e-15	15.0166 
22.0938	36.9552	1.85264e-16	36.9552 
22.1569	36.8338	-3.34728e-15	36.8338 
22.22	14.725	-1.6596e-15	14.725 
22.2831	-16.1737	1.86047e-15	16.1737 
22.3463	-37.4178	-5.35694e-15	37.4178 
22.4094	-36.3257	7.28895e-15	36.3257 
22.4725	-13.5495	-8.0409e-15	13.5495 
22.5356	17.3149	-1.04398e-14	17.3149 
22.5987	37.8434	2.29039e-15	37.8434 
22.6619	35.7818	-5.20652e-18	35.7818 
22.725	12.3607	1.73511e-15	12.3607 
22.7881	-18.439	5.43192e-16	18.439 
22.8513	-38.2317	-5.87913e-15	38.2317 
22.9144	-35.2025	3.33922e-16	35.2025 
22.9775	-11.1596	2.19736e-15	11.1596 
23.0406	19.5448	-1.24538e-15	19.5448 
23.1038	38.5823	-2.22338e-16	38.5823 
23.1669	34.5885	1.72454e-15	34.5885 
23.23	9.9476	2.86054e-15	9.9476 
23.2931	-20.6314	-4.05965e-15	20.6314 
23.3562	-38.8948	-5.99075e-15	38.8948 
23.4194	-33.9404	-2.47364e-15	33.9404 
23.4825	-8.72573	-7.09356e-15	8.72573 
23.5456	21.6977	3.58591e-15	21.6977 
23.6088	39.1689	3.84733e-15	39.1689 
23.6719	33.2588	-1.02621e-14	33.2588 
23.735	7.49525	-5.3155e-15	7.49525 
23.7981	-22.7425	4.10351e-15	22.7425 
23.8612	-39.4044	1.99609e-15	39.4044 
23.9244	-32.5443	4.90046e-15	32.5443 
23.9875	-6.25738	9.05087e-15	6.25738 
24.0506	23.7648	-1.57462e-15	23.7648 
24.1137	39.6009	-8.25345e-15	39.6009 
24.1769	31.7978	-8.60159e-16	31.7978 
24.24	5.01333	-1.33848e-15	5.01333 
24.3031	-24.7638	2.74515e-15	24.7638 
24.3663	-39.7584	-1.03855e-15	39.7584 
24.4294	-31.0198	-1.13073e-14	31.0198 
24.4925	-3.76433	1.99455e-16	3.76433 
24.5556	25.7382	2.40473e-15	25.7382 
24.6187	39.8767	2.5835e-15	39.8767 
24.6819	30.2113	1.92618e-15	30.2113 
24.745	2.51162	2.09996e-15	2.51162 
24.8081	-26.6873	1.52925e-15	26.6873 
24.8712	-39.9556	8.99097e-16	39.9556 
24.9344	-29.3729	3.5324e-15	29.3729 
24.9975	-1.25643	6.5168e-15	1.25643 
25.0606	27.61	3.97394e-15	27.61 
25.1238	39.9951	2.58132e-15	39.9951 
25.1869	28.5055	6.66406e-16	28.5055 
25.25	3.58114e-13	1.59167e-15	3.58117e-13 
25.3131	-28.5055	-2.82434e-15	28.5055 
25.3762	-39.9951	2.99508e-16	39.9951 
25.4394	-27.61	-1.03578e-15	27.61 
25.5025	1.25643	-1.42545e-15	1.25643 
25.5656	29.3729	6.27047e-15	29.3729 
25.6288	39.9556	7.37311e-15	39.9556 
25.6919	26.6873	1.00368e-15	26.6873 
25.755	-2.51162	-4.0246e-15	2.51162 
25.8181	-30.2113	-2.88203e-15	30.2113 
25.8813	-39.8767	-1.76859e-15	39.8767 
25.9444	-25.7382	5.44544e-15	25.7382 
26.0075	3.76433	-3.80243e-15	3.76433 
26.0706	31.0198	5.37076e-15	31.0198 
26.1337	39.7584	1.05437e-15	39.7584 
26.1969	24.7638	4.74324e-16	24.7638 
26.26	-5.01333	-4.99586e-16	5.01333 
26.3231	-31.7978	-1.03302e-15	31.7978 
26.3863	-39.6009	-1.72117e-15	39.6009 
26.4494	-23.7648	1.04927e-14	23.7648 
26.5125	6.25738	-8.07587e-15	6.25738 
26.5756	32.5443	3.0739e-16	32.5443 
26.6388	39.4044	8.71766e-15	39.4044 
26.7019	22.7425	1.1974e-15	22.7425 
26.765	-7.49525	7.83898e-15	7.49525 
26.8281	-33.2588	3.63976e-15	33.2588 
26.8912	-39.1689	2.94173e-15	39.1689 
26.9544	-21.6977	7.23396e-15	21.6977 
27.0175	8.72573	2.31579e-15	8.72573 
27.0806	33.9404	7.83338e-15	33.9404 
27.1438	38.8948	3.9812e-15	38.8948 
27.2069	20.6314	4.49554e-15	20.6314 
27.27	-9.9476	-2.69997e-16	9.9476 
27.3331	-34.5885	-2.46143e-15	34.5885 
27.3962	-38.5823	7.56866e-16	38.5823 
27.4594	-19.5448	-5.96786e-15	19.5448 
27.5225	11.1596	4.69386e-15	11.1596 
27.5856	35.2025	7.0853e-15	35.2025 
27.6487	38.2317	6.55447e-15	38.2317 
27.7119	18.439	-7.08022e-15	18.439 
27.775	-12.3607	-2.57155e-15	12.3607 
27.8381	-35.7818	2.32396e-15	35.7818 
27.9013	-37.8434	2.95384e-15	37.8434 
27.9644	-17.3149	-4.56781e-15	17.3149 
28.0275	13.5495	9.76364e-15	13.5495 
28.0906	36.3257	-5.53721e-16	36.3257 
28.1537	37.4178	-7.20375e-16	37.4178 
28.2169	16.1737	1.53802e-15	16.1737 
28.28	-14.725	-2.88555e-15	14.725 
28.3431	-36.8338	6.51475e-15	36.8338 
28.4062	-36.9552	3.28885e-15	36.9552 
28.4694	-15.0166	7.80159e-15	15.0166 
28.5325	15.8859	-7.28123e-15	15.8859 
28.5956	37.3056	5.05406e-15	37.3056 
28.6588	36.4561	1.78906e-15	36.4561 
28.7219	13.8447	-6.72466e-15	13.8447 
28.785	-17.0312	3.61811e-15	17.0312 
28.8481	-37.7405	3.04564e-15	37.7405 
28.9112	-35.9211	-1.14734e-15	35.9211 
28.9744	-12.6591	4.06036e-15	12.6591 
29.0375	18.1596	7.03751e-15	18.1596 
29.1006	38.1382	4.68322e-15	38.1382 
29.1638	35.3506	3.72628e-15	35.3506 
29.2269	11.461	-1.84937e-15	11.461 
29.29	-19.2701	1.8009e-15	19.2701 
29.3531	-38.4982	6.12038e-15	38.4982 
29.4163	-34.7453	1.54787e-15	34.7453 
29.4794	-10.2516	-8.49813e-17	10.2516 
29.5425	20.3617	-1.34647e-14	20.3617 
29.6056	38.8203	9.45617e-16	38.8203 
29.6687	34.1056	2.66437e-15	34.1056 
29.7319	9.03205	-4.2164e-15	9.03205 
29.795	-21.4331	-6.33613e-15	21.4331 
29.8581	-39.104	-5.18896e-15	39.104 
29.9213	-33.4323	8.54884e-16	33.4323 
29.9844	-7.80361	8.59709e-16	7.80361 
30.0475	22.4833	6.17097e-16	22.4833 
30.1106	39.3491	-2.55298e-15	39.3491 
30.1737	32.726	4.80261e-15	32.726 
30.2369	6.56747	-5.78351e-15	6.56747 
30.3	-23.5114	-8.7133e-17	23.5114 
30.3631	-39.5555	-5.70282e-15	39.5555 
30.4262	-31.9874	7.84971e-16	31.9874 
30.4894	-5.32485	1.1507e-15	5.32485 
30.5525	24.5163	-8.28192e-15	24.5163 
30.6156	39.7227	-5.47581e-16	39.7227 
30.6788	31.2172	-6.94158e-15	31.2172 
30.7419	4.07698	7.64768e-15	4.07698 
30.805	-25.497	2.96313e-15	25.497 
30.8681	-39.8508	6.38973e-15	39.8508 
30.9312	-30.4162	6.01533e-15	30.4162 
30.9944	-2.82508	5.7581e-15	2.82508 
31.0575	26.4525	-4.60517e-15	26.4525 
31.1206	39.9396	2.60669e-16	39.9396 
31.1837	29.5852	4.23692e-17	29.5852 
31.2469	1.57039	-1.73715e-15	1.57039 
31.31	-27.3819	-4.08696e-16	27.3819 
31.3731	-39.9889	-4.03054e-15	39.9889 
31.4363	-28.7251	2.11871e-15	28.7251 
31.4994	-0.314156	-1.38349e-15	0.314156 
31.5625	28.2843	-8.58297e-15	28.2843 
31.6256	39.9988	-1.29761e-15	39.9988 
31.6887	27.8365	-2.08225e-15	27.8365 
31.7519	-0.942391	-7.97928e-17	0.942391 
31.815	-29.1587	-2.18753e-15	29.1587 
31.8781	-39.9692	6.91771e-15	39.9692 
31.9413	-26.9205	9.69715e-17	26.9205 
32.0044	2.19801	-7.29289e-16	2.19801 
32.0675	30.0044	6.64038e-15	30.0044 
32.1306	39.9001	-6.27675e-15	39.9001 
32.1938	25.9779	-1.87088e-15	25.9779 
32.2569	-3.45145	-4.6309e-15	3.45145 
32.32	-30.8205	-4.46712e-15	30.8205 
32.3831	-39.7917	-4.42603e-15	39.7917 
32.4462	-25.0097	6.37045e-15	25.0097 
32.5094	4.7015	-5.42344e-15	4.7015 
32.5725	31.6062	-6.65961e-15	31.6062 
32.6356	39.644	1.21646e-15	39.644 
32.6987	24.0168	3.87582e-15	24.0168 
32.7619	-5.9469	-9.50122e-15	5.9469 
32.825	-32.3607	1.62079e-15	32.3607 
32.8881	-39.4572	-6.48788e-15	39.4572 
32.9513	-23.0002	-6.80474e-16	23.0002 
33.0144	7.18643	1.53338e-15	7.18643 
33.0775	33.0832	1.20647e-15	33.0832 
33.1406	39.2314	-2.00646e-15	39.2314 
33.2037	21.9609	-7.34317e-15	21.9609 
33.2669	-8.41887	1.56675e-15	8.41887 
33.33	-33.7731	-4.20682e-15	33.7731 
33.3931	-38.9669	5.57239e-15	38.9669 
33.4562	-20.8999	3.86121e-15	20.8999 
33.5194	9.643	-2.75623e-15	9.643 
33.5825	34.4297	-1.26818e-14	34.4297 
33.6456	38.664	1.11881e-15	38.664 
33.7088	19.8183	1.15653e-15	19.8183 
33.7719	-10.8576	-5.00869e-15	10.8576 
33.835	-35.0523	-3.16644e-15	35.0523 
33.8981	-38.3229	-3.28107e-15	38.3229 
33.9612	-18.7172	-2.85365e-15	18.7172 
34.0244	12.0615	1.1028e-14	12.0615 
34.0875	35.6403	-4.92374e-16	35.6403 
34.1506	37.944	-3.88853e-15	37.944 
34.2137	17.5976	4.30395e-15	17.5976 
34.2769	-13.2535	-9.11115e-16	13.2535 
34.34	-36.1931	-1.12759e-15	36.1931 
34.4031	-37.5277	-6.31707e-15	37.5277 
34.4663	-16.4606	3.7022e-15	16.4606 
34.5294	14.4324	2.52965e-15	14.4324 
34.5925	36.7102	4.68387e-15	36.7102 
34.6556	37.0743	-2.6382e-15	37.0743 
34.7188	15.3073	-2.77435e-15	15.3073 
34.7819	-15.5971	3.30861e-15	15.5971 
34.845	-37.1911	2.23222e-15	37.1911 
34.9081	-36.5843	-1.83093e-15	36.5843 
34.9712	-14.139	6.23582e-15	14.139 
35.0344	16.7464	6.28702e-15	16.7464 
35.0975	37.6352	-1.67461e-15	37.6352 
35.1606	36.0582	-5.97992e-15	36.0582 
35.2238	12.9567	2.9962e-15	12.9567 
35.2869	-17.8791	-4.40699e-15	17.8791 
35.35	-38.0423	-5.426e-15	38.0423 
35.4131	-35.4965	1.25912e-15	35.4965 
35.4763	-11.7616	8.92159e-16	11.7616 
35.5394	18.9943	-1.3885e-16	18.9943 
35.6025	38.4117	-5.40844e-15	38.4117 
35.6656	34.8998	-3.06261e-15	34.8998 
35.7287	10.5549	-5.13294e-15	10.5549 
35.7919	-20.0906	3.96914e-15	20.0906 
35.855	-38.7433	-4.66696e-15	38.7433 
35.9181	-34.2687	8.94697e-15	34.2687 
35.9813	-9.33781	-1.68399e-15	9.33781 
36.0444	21.1672	5.07144e-15	21.1672 
36.1075	39.0367	1.32062e-14	39.0367 
36.1706	33.6037	8.59652e-16	33.6037 
36.2338	8.11149	-6.71764e-15	8.11149 
36.2969	-22.2228	1.56952e-15	22.2228 
36.36	-39.2915	3.55356e-15	39.2915 
36.4231	-32.9056	-5.01166e-15	32.9056 
36.4862	-6.87716	1.05676e-15	6.87716 
36.5494	23.2565	4.45914e-15	23.2565 
36.6125	39.5075	-7.40039e-15	39.5075 
36.6756	32.175	8.25566e-15	32.175 
36.7388	5.63605	-1.88847e-15	5.63605 
36.8019	-24.2673	-6.63919e-16	24.2673 
36.865	-39.6846	5.1726e-15	39.6846 
36.9281	-31.4127	1.82349e-15	31.4127 
36.9913	-4.38937	5.22526e-15	4.38937 
37.0544	25.2541	-1.1417e-15	25.2541 
37.1175	39.8225	9.85631e-15	39.8225 
37.1806	30.6193	-1.10168e-15	30.6193 
37.2437	3.13836	3.8358e-15	3.13836 
37.3069	-26.216	3.81843e-16	26.216 
37.37	-39.9211	4.34954e-15	39.9211 
37.4331	-29.7958	6.31137e-16	29.7958 
37.4963	-1.88426	7.44401e-15	1.88426 
37.5594	27.152	3.93606e-15	27.152 
37.6225	39.9803	-2.53062e-15	39.9803 
37.6856	28.9428	2.51208e-15	28.9428 
37.7488	0.628293	3.59748e-15	0.628293 
37.8119	-28.0613	4.39863e-15	28.0613 
37.875	-40	4.10067e-15	40 
37.9381	-28.0613	6.5481e-15	28.0613 
38.0012	0.628293	-7.49875e-16	0.628293 
38.0644	28.9428	6.20042e-15	28.9428 
38.1275	39.9803	2.97873e-15	39.9803 
38.1906	27.152	-8.3957e-15	27.152 
38.2537	-1.88426	1.27988e-14	1.88426 
38.3169	-29.7958	6.84951e-15	29.7958 
38.38	-39.9211	7.3352e-16	39.9211 
38.4431	-26.216	-6.60081e-15	26.216 
38.5063	3.13836	-2.76427e-15	3.13836 
38.5694	30.6193	4.57965e-15	30.6193 
38.6325	39.8225	3.29152e-15	39.8225 
38.6956	25.2541	-1.37071e-15	25.2541 
38.7587	-4.38937	-1.72157e-15	4.38937 
38.8219	-31.4127	6.41343e-15	31.4127 
38.885	-39.6846	8.01312e-15	39.6846 
38.9481	-24.2673	-5.17354e-15	24.2673 
39.0112	5.63605	-2.18539e-15	5.63605 
39.0744	32.175	4.23626e-15	32.175 
39.1375	39.5075	1.343e-15	39.5075 
39.2006	23.2565	1.93505e-15	23.2565 
39.2638	-6.87716	7.64336e-15	6.87716 
39.3269	-32.9056	-7.30043e-15	32.9056 
39.39	-39.2915	-3.49931e-15	39.2915 
39.4531	-22.2228	1.76422e-16	22.2228 
39.5162	8.11149	6.27653e-15	8.11149 
39.5794	33.6037	-5.10175e-15	33.6037 
39.6425	39.0367	3.82482e-15	39.0367 
39.7056	21.1672	5.70063e-16	21.1672 
39.7687	-9.33781	-8.5558e-15	9.33781 
39.8319	-34.2687	1.11419e-14	34.2687 
39.895	-38.7433	5.55013e-15	38.7433 
39.9581	-20.0906	-2.58061e-15	20.0906 
40.0213	10.5549	-2.31344e-15	10.5549 
40.0844	34.8998	1.67921e-15	34.8998 
40.1475	38.4117	4.8722e-15	38.4117 
40.2106	18.9943	6.57507e-15	18.9943 
40.2737	-11.7616	-1.21729e-14	11.7616 
40.3369	-35.4965	-1.31006e-15	35.4965 
40.4	-38.0423	1.18183e-15	38.0423 
40.4631	-17.8791	-1.84782e-15	17.8791 
40.5262	12.9567	2.6379e-16	12.9567 
40.5894	36.0582	5.50436e-15	36.0582 
40.6525	37.6352	-5.67432e-15	37.6352 
40.7156	16.7464	3.82451e-15	16.7464 
40.7788	-14.139	-6.21134e-15	14.139 
40.8419	-36.5843	-5.40797e-15	36.5843 
40.905	-37.1911	-3.608e-15	37.1911 
40.9681	-15.5971	-2.94346e-15	15.5971 
41.0312	15.3073	-1.58636e-15	15.3073 
41.0944	37.0743	2.06138e-15	37.0743 
41.1575	36.7102	-1.01344e-15	36.7102 
41.2206	14.4324	5.96226e-15	14.4324 
41.2837	-16.4606	-5.03516e-15	16.4606 
41.3469	-37.5277	1.98373e-15	37.5277 
41.41	-36.1931	-5.17741e-15	36.1931 
41.4731	-13.2535	2.58337e-15	13.2535 
41.5363	17.5976	4.0698e-15	17.5976 
41.5994	37.944	-1.97652e-15	37.944 
41.6625	35.6403	1.00074e-15	35.6403 
41.7256	12.0615	-6.24426e-15	12.0615 
41.7888	-18.7172	-3.14676e-15	18.7172 
41.8519	-38.3229	-5.17594e-15	38.3229 
41.915	-35.0523	6.16998e-15	35.0523 
41.9781	-10.8576	4.47457e-15	10.8576 
42.0412	19.8183	-4.46392e-16	19.8183 
42.1044	38.664	-2.11423e-16	38.664 
42.1675	34.4297	3.69324e-15	34.4297 
42.2306	9.643	-3.14357e-15	9.643 
42.2938	-20.8999	-2.97285e-15	20.8999 
42.3569	-38.9669	-1.54561e-15	38.9669 
42.42	-33.7731	-2.76587e-15	33.7731 
42.4831	-8.41887	-3.91052e-15	8.41887 
42.5463	21.9609	2.49858e-16	21.9609 
42.6094	39.2314	-1.70125e-15	39.2314 
42.6725	33.0832	-2.1413e-15	33.0832 
42.7356	7.18643	4.44883e-15	7.18643 
42.7987	-23.0002	-1.32317e-16	23.0002 
42.8619	-39.4572	-4.21826e-15	39.4572 
42.925	-32.3607	4.81373e-15	32.3607 
42.9881	-5.9469	-9.52981e-15	5.9469 
43.0513	24.0168	-1.79765e-15	24.0168 
43.1144	39.644	5.39615e-16	39.644 
43.1775	31.6062	-2.91513e-15	31.6062 
43.2406	4.7015	-1.90206e-15	4.7015 
43.3038	-25.0097	-2.89751e-15	25.0097 
43.3669	-39.7917	-6.79498e-15	39.7917 
43.43	-30.8205	-4.66555e-15	30.8205 
43.4931	-3.45145	1.93068e-15	3.45145 
43.5562	25.9779	2.23433e-15	25.9779 
43.6194	39.9001	-4.05432e-15	39.9001 
43.6825	30.0044	3.13235e-15	30.0044 
43.7456	2.19801	8.04858e-15	2.19801 
43.8088	-26.9205	-1.03691e-14	26.9205 
43.8719	-39.9692	8.38809e-15	39.9692 
43.935	-29.1587	-1.36808e-15	29.1587 
43.9981	-0.942391	-3.13061e-15	0.942391 
44.0613	27.8365	-1.55103e-15	27.8365 
44.1244	39.9988	-2.0272e-15	39.9988 
44.1875	28.2843	6.38972e-16	28.2843 
44.2506	-0.314156	-5.19699e-15	0.314156 
44.3137	-28.7251	-1.04085e-15	28.7251 
44.3769	-39.9889	-1.2325e-15	39.9889 
44.44	-27.3819	-5.57998e-16	27.3819 
44.5031	1.57039	-2.71719e-15	1.57039 
44.5662	29.5852	2.04793e-16	29.5852 
44.6294	39.9396	5.16377e-17	39.9396 
44.6925	26.4525	-2.69683e-16	26.4525 
44.7556	-2.82508	-5.41524e-16	2.82508 
44.8188	-30.4162	-1.1295e-14	30.4162 
44.8819	-39.8508	-7.53651e-15	39.8508 
44.945	-25.497	-1.85755e-15	25.497 
45.0081	4.07698	4.16314e-15	4.07698 
45.0712	31.2172	3.36995e-16	31.2172 
45.1344	39.7227	-6.1741e-15	39.7227 
45.1975	24.5163	-8.72037e-15	24.5163 
45.2606	-5.32485	3.79034e-15	5.32485 
45.3237	-31.9874	6.58611e-15	31.9874 
45.3869	-39.5555	4.26264e-15	39.5555 
45.45	-23.5114	-1.68929e-15	23.5114 
45.5131	6.56747	2.1918e-15	6.56747 
45.5763	32.726	5.39161e-15	32.726 
45.6394	39.3491	3.17828e-15	39.3491 
45.7025	22.4833	3.54472e-15	22.4833 
45.7656	-7.80361	-4.2038e-15	7.80361 
45.8287	-33.4323	-1.75205e-15	33.4323 
45.8919	-39.104	-3.43904e-15	39.104 
45.955	-21.4331	-1.39869e-15	21.4331 
46.0181	9.03205	1.04426e-14	9.03205 
46.0812	34.1056	-1.1526e-18	34.1056 
46.1444	38.8203	7.83211e-15	38.8203 
46.2075	20.3617	3.50722e-15	20.3617 
46.2706	-10.2516	-8.68656e-16	10.2516 
46.3338	-34.7453	1.0595e-15	34.7453 
46.3969	-38.4982	-3.17684e-15	38.4982 
46.46	-19.2701	3.41774e-15	19.2701 
46.5231	11.461	-3.37958e-17	11.461 
46.5862	35.3506	6.40779e-15	35.3506 
46.6494	38.1382	-4.66432e-15	38.1382 
46.7125	18.1596	8.33185e-15	18.1596 
46.7756	-12.6591	-2.73018e-15	12.6591 
46.8387	-35.9211	-3.24639e-15	35.9211 
46.9019	-37.7405	-2.72396e-15	37.7405 
46.965	-17.0312	4.50019e-15	17.0312 
47.0281	13.8447	-6.35704e-16	13.8447 
47.0913	36.4561	9.87511e-16	36.4561 
47.1544	37.3056	-4.73861e-16	37.3056 
47.2175	15.8859	-5.49338e-15	15.8859 
47.2806	-15.0166	-9.36971e-16	15.0166 
47.3438	-36.9552	-4.07005e-15	36.9552 
47.4069	-36.8338	-9.31072e-16	36.8338 
47.47	-14.725	1.13074e-15	14.725 
47.5331	16.1737	-1.30025e-16	16.1737 
47.5962	37.4178	6.34177e-15	37.4178 
47.6594	36.3257	-9.33667e-16	36.3257 
47.7225	13.5495	5.74153e-15	13.5495 
47.7856	-17.3149	2.87783e-16	17.3149 
47.8488	-37.8434	-5.12575e-15	37.8434 
47.9119	-35.7818	1.11795e-14	35.7818 
47.975	-12.3607	2.91416e-15	12.3607 
48.0381	18.439	6.40123e-15	18.439 
48.1013	38.2317	-3.19308e-16	38.2317 
48.1644	35.2025	3.67369e-15	35.2025 
48.2275	11.1596	-1.69754e-15	11.1596 
48.2906	-19.5448	6.27774e-15	19.5448 
48.3537	-38.5823	-2.97241e-16	38.5823 
48.4169	-34.5885	1.88338e-15	34.5885 
48.48	-9.9476	-5.54673e-15	9.9476 
48.5431	20.6314	-9.72711e-16	20.6314 
48.6063	38.8948	8.9302e-16	38.8948 
48.6694	33.9404	8.83049e-17	33.9404 
48.7325	8.72573	9.22593e-15	8.72573 
48.7956	-21.6977	-3.40981e-15	21.6977 
48.8588	-39.1689	-4.03852e-15	39.1689 
48.9219	-33.2588	1.25784e-15	33.2588 
48.985	-7.49525	3.01613e-15	7.49525 
49.0481	22.7425	3.26366e-15	22.7425 
49.1112	39.4044	4.25e-15	39.4044 
49.1744	32.5443	-2.83665e-15	32.5443 
49.2375	6.25738	-9.71162e-15	6.25738 
49.3006	-23.7648	-2.29663e-15	23.7648 
49.3638	-39.6009	7.30562e-15	39.6009 
49.4269	-31.7978	-1.89851e-15	31.7978 
49.49	-5.01333	-2.82865e-15	5.01333 
49.5531	24.7638	1.54253e-15	24.7638 
49.6163	39.7584	3.01886e-15	39.7584 
49.6794	31.0198	2.85118e-15	31.0198 
49.7425	3.76433	6.92779e-15	3.76433 
49.8056	-25.7382	-5.44503e-16	25.7382 
49.8687	-39.8767	2.461e-16	39.8767 
49.9319	-30.2113	8.06144e-15	30.2113 
49.995	-2.51162	3.93495e-15	2.51162 
50.0581	26.6873	2.25262e-15	26.6873 
50.1213	39.9556	-1.77738e-15	39.9556 
50.1844	29.3729	-1.79226e-15	29.3729 
50.2475	1.25643	1.06239e-15	1.25643 
50.3106	-27.61	2.06097e-15	27.61 
50.3738	-39.9951	-7.35868e-15	39.9951 
50.4369	-28.5055	1.24435e-15	28.5055 
50.5	-7.04858e-13	-2.65959e-15	7.04863e-13 
50.5631	28.5055	4.21419e-15	28.5055 
50.6262	39.9951	2.55908e-15	39.9951 
50.6894	27.61	3.48935e-15	27.61 
50.7525	-1.25643	2.56078e-15	1.25643 
50.8156	-29.3729	4.33706e-15	29.3729 
50.8787	-39.9556	-3.4206e-16	39.9556 
50.9419	-26.6873	-1.49336e-15	26.6873 
51.005	2.51162	-8.28717e-15	2.51162 
51.0681	30.2113	-9.96752e-15	30.2113 
51.1313	39.8767	-6.63734e-16	39.8767 
51.1944	25.7382	-7.65669e-15	25.7382 
51.2575	-3.76433	3.16432e-15	3.76433 
51.3206	-31.0198	-8.47753e-15	31.0198 
51.3837	-39.7584	-3.28418e-15	39.7584 
51.4469	-24.7638	3.60969e-16	24.7638 
51.51	5.01333	3.42222e-15	5.01333 
51.5731	31.7978	-4.8696e-15	31.7978 
51.6362	39.6009	-1.77553e-15	39.6009 
51.6994	23.7648	-8.79422e-15	23.7648 
51.7625	-6.25738	4.77972e-15	6.25738 
51.8256	-32.5443	-9.00729e-16	32.5443 
51.8888	-39.4044	-4.90191e-15	39.4044 
51.9519	-22.7425	7.18786e-15	22.7425 
52.015	7.49525	-3.30562e-15	7.49525 
52.0781	33.2588	-4.83997e-15	33.2588 
52.1412	39.1689	-8.59736e-15	39.1689 
52.2044	21.6977	-3.15147e-15	21.6977 
52.2675	-8.72573	-3.2446e-15	8.72573 
52.3306	-33.9404	-3.41075e-15	33.9404 
52.3937	-38.8948	2.18632e-15	38.8948 
52.4569	-20.6314	-5.75309e-15	20.6314 
52.52	9.9476	-2.10922e-15	9.9476 
52.5831	34.5885	-1.93412e-15	34.5885 
52.6463	38.5823	-4.61187e-15	38.5823 
52.7094	19.5448	6.77526e-15	19.5448 
52.7725	-11.1596	-5.91037e-16	11.1596 
52.8356	-35.2025	-9.18894e-16	35.2025 
52.8987	-38.2317	-7.46908e-15	38.2317 
52.9619	-18.439	3.39343e-15	18.439 
53.025	12.3607	-6.34899e-15	12.3607 
53.0881	35.7818	4.58923e-15	35.7818 
53.1512	37.8434	-2.08097e-15	37.8434 
53.2144	17.3149	5.18265e-15	17.3149 
53.2775	-13.5495	-1.09747e-14	13.5495 
53.3406	-36.3257	-3.7879e-15	36.3257 
53.4038	-37.4178	-4.60624e-16	37.4178 
53.4669	-16.1737	-3.6553e-15	16.1737 
53.53	14.725	5.2179e-15	14.725 
53.5931	36.8338	-3.92969e-15	36.8338 
53.6562	36.9552	2.96229e-16	36.9552 
53.7194	15.0166	-5.90592e-15	15.0166 
53.7825	-15.8859	6.54843e-15	15.8859 
53.8456	-37.3056	-3.88115e-15	37.3056 
53.9087	-36.4561	-6.57965e-15	36.4561 
53.9719	-13.8447	7.19284e-15	13.8447 
54.035	17.0312	-1.57375e-15	17.0312 
54.0981	37.7405	-5.44659e-15	37.7405 
54.1613	35.9211	2.89857e-15	35.9211 
54.2244	12.6591	-8.57051e-15	12.6591 
54.2875	-18.1596	-3.3895e-15	18.1596 
54.3506	-38.1382	-2.96498e-15	38.1382 
54.4138	-35.3506	-8.14292e-15	35.3506 
54.4769	-11.461	4.25159e-15	11.461 
54.54	19.2701	-1.9551e-15	19.2701 
54.6031	38.4982	1.74064e-15	38.4982 
54.6662	34.7453	-4.34224e-15	34.7453 
54.7294	10.2516	9.20274e-16	10.2516 
54.7925	-20.3617	6.38959e-15	20.3617 
54.8556	-38.8203	2.43388e-15	38.8203 
54.9188	-34.1056	1.43854e-15	34.1056 
54.9819	-9.03205	-6.90869e-15	9.03205 
55.045	21.4331	1.67753e-15	21.4331 
55.1081	39.104	6.5178e-16	39.104 
55.1713	33.4323	-9.87844e-16	33.4323 
55.2344	7.80361	-3.57032e-15	7.80361 
55.2975	-22.4833	-3.67596e-16	22.4833 
55.3606	-39.3491	-4.43776e-15	39.3491 
55.4237	-32.726	-7.54334e-15	32.726 
55.4869	-6.56747	5.83405e-15	6.56747 
55.55	23.5114	4.81816e-15	23.5114 
55.6131	39.5555	-1.44345e-15	39.5555 
55.6763	31.9874	-6.14944e-15	31.9874 
55.7394	5.32485	4.88421e-15	5.32485 
55.8025	-24.5163	9.41126e-15	24.5163 
55.8656	-39.7227	-2.11716e-15	39.7227 
55.9288	-31.2172	2.33023e-15	31.2172 
55.9919	-4.07698	2.27121e-15	4.07698 
56.055	25.497	1.26249e-14	25.497 
56.1181	39.8508	-3.53823e-15	39.8508 
56.1812	30.4162	-1.94546e-15	30.4162 
56.2444	2.82508	-9.94033e-15	2.82508 
56.3075	-26.4525	-6.93117e-15	26.4525 
56.3706	-39.9396	1.72897e-15	39.9396 
56.4338	-29.5852	1.24848e-14	29.5852 
56.4969	-1.57039	1.73715e-15	1.57039 
56.56	27.3819	-2.71501e-15	27.3819 
56.6231	39.9889	4.68507e-15	39.9889 
56.6863	28.7251	2.91867e-16	28.7251 
56.7494	0.314156	4.28552e-15	0.314156 
56.8125	-28.2843	9.76624e-15	28.2843 
56.8756	-39.9988	-4.11295e-16	39.9988 
56.9387	-27.8365	2.33175e-15	27.8365 
57.0019	0.942391	-3.40252e-15	0.942391 
57.065	29.1587	3.89852e-15	29.1587 
57.1281	39.9692	-4.70366e-15	39.9692 
57.1912	26.9205	4.19203e-15	26.9205 
57.2544	-2.19801	4.92636e-15	2.19801 
57.3175	-30.0044	-1.04728e-14	30.0044 
57.3806	-39.9001	1.92752e-15	39.9001 
57.4438	-25.9779	-2.4576e-15	25.9779 
57.5069	3.45145	6.89482e-15	3.45145 
57.57	30.8205	3.26955e-16	30.8205 
57.6331	39.7917	-5.29412e-16	39.7917 
57.6962	25.0097	-2.42723e-15	25.0097 
57.7594	-4.7015	-2.44558e-15	4.7015 
57.8225	-31.6062	4.46661e-15	31.6062 
57.8856	-39.644	3.48948e-15	39.644 
57.9487	-24.0168	-9.21701e-15	24.0168 
58.0119	5.9469	5.27626e-15	5.9469 
58.075	32.3607	1.16745e-15	32.3607 
58.1381	39.4572	-1.72035e-15	39.4572 
58.2013	23.0002	3.0147e-15	23.0002 
58.2644	-7.18643	-1.00373e-14	7.18643 
58.3275	-33.0832	1.54136e-15	33.0832 
58.3906	-39.2314	4.68696e-15	39.2314 
58.4537	-21.9609	-7.19867e-16	21.9609 
58.5169	8.41887	-2.99868e-16	8.41887 
58.58	33.7731	-2.36041e-15	33.7731 
58.6431	38.9669	7.76564e-15	38.9669 
58.7062	20.8999	-2.35646e-15	20.8999 
58.7694	-9.643	8.74861e-18	9.643 
58.8325	-34.4297	1.65386e-14	34.4297 
58.8956	-38.664	2.06284e-15	38.664 
58.9588	-19.8183	1.1812e-15	19.8183 
59.0219	10.8576	-3.36293e-15	10.8576 
59.085	35.0523	-3.06403e-15	35.0523 
59.1481	38.3229	2.17636e-15	38.3229 
59.2112	18.7172	-2.41223e-15	18.7172 
59.2744	-12.0615	-4.93536e-15	12.0615 
59.3375	-35.6403	1.48786e-15	35.6403 
59.4006	-37.944	3.43811e-15	37.944 
59.4637	-17.5976	-1.01998e-14	17.5976 
59.5269	13.2535	-5.34466e-15	13.2535 
59.59	36.1931	4.08015e-15	36.1931 
59.6531	37.5277	6.33551e-16	37.5277 
59.7163	16.4606	-8.03097e-16	16.4606 
59.7794	-14.4324	2.09465e-15	14.4324 
59.8425	-36.7102	-1.95891e-15	36.7102 
59.9056	-37.0743	-2.35482e-15	37.0743 
59.9688	-15.3073	2.2176e-15	15.3073 
60.0319	15.5971	-2.25101e-15	15.5971 
60.095	37.1911	-1.9595e-15	37.1911 
60.1581	36.5843	1.2693e-15	36.5843 
60.2212	14.139	-2.60509e-15	14.139 
60.2844	-16.7464	-6.10445e-15	16.7464 
60.3475	-37.6352	-8.73395e-15	37.6352 
60.4106	-36.0582	4.65522e-15	36.0582 
60.4738	-12.9567	8.36444e-15	12.9567 
60.5369	17.8791	3.70542e-15	17.8791 
60.6	38.0423	2.41093e-15	38.0423 
60.6631	35.4965	7.7218e-16	35.4965 
60.7263	11.7616	-5.15459e-16	11.7616 
60.7894	-18.9943	-9.55496e-15	18.9943 
60.8525	-38.4117	4.51776e-15	38.4117 
60.9156	-34.8998	-4.68587e-15	34.8998 
60.9787	-10.5549	8.81999e-15	10.5549 
61.0419	20.0906	-4.46815e-15	20.0906 
61.105	38.7433	-2.64482e-15	38.7433 
61.1681	34.2687	-1.79938e-15	34.2687 
61.2313	9.33781	-9.69689e-16	9.33781 
61.2944	-21.1672	-4.63384e-16	21.1672 
61.3575	-39.0367	-6.70377e-15	39.0367 
61.4206	-33.6037	-6.74791e-15	33.6037 
61.4838	-8.11149	-8.85359e-16	8.11149 
61.5469	22.2228	-2.92106e-15	22.2228 
61.61	39.2915	-5.78432e-16	39.2915 
61.6731	32.9056	-4.63248e-15	32.9056 
61.7362	6.87716	8.15095e-16	6.87716 
61.7994	-23.2565	-4.18774e-15	23.2565 
61.8625	-39.5075	3.80664e-15	39.5075 
61.9256	-32.175	-1.9788e-15	32.175 
61.9888	-5.63605	-2.16745e-15	5.63605 
62.0519	24.2673	2.16336e-15	24.2673 
62.115	39.6846	-3.1903e-15	39.6846 
62.1781	31.4127	-3.67731e-15	31.4127 
62.2413	4.38937	-4.38997e-15	4.38937 
62.3044	-25.2541	-4.95648e-15	25.2541 
62.3675	-39.8225	-6.07888e-15	39.8225 
62.4306	-30.6193	-7.58542e-16	30.6193 
62.4937	-3.13836	-1.75601e-15	3.13836 
62.5569	26.216	2.6786e-15	26.216 
62.62	39.9211	-2.00318e-15	39.9211 
62.6831	29.7958	1.04876e-14	29.7958 
62.7463	1.88426	-9.31933e-15	1.88426 
62.8094	-27.152	-4.65082e-15	27.152 
62.8725	-39.9803	5.88631e-16	39.9803 
62.9356	-28.9428	-5.55437e-15	28.9428 
62.9988	-0.628293	1.56093e-15	0.628293 
63.0619	28.0613	-2.99316e-15	28.0613 
63.125	40	-3.08328e-15	40 
63.1881	28.0613	-1.81897e-15	28.0613 
63.2512	-0.628293	-5.08785e-15	0.628293 
63.3144	-28.9428	-2.70413e-15	28.9428 
63.3775	-39.9803	-1.98458e-15	39.9803 
63.4406	-27.152	5.87587e-15	27.152 
63.5037	1.88426	-9.08588e-15	1.88426 
63.5669	29.7958	-4.70567e-15	29.7958 
63.63	39.9211	7.15192e-15	39.9211 
63.6931	26.216	-3.20687e-15	26.216 
63.7563	-3.13836	-4.94122e-15	3.13836 
63.8194	-30.6193	-2.43921e-16	30.6193 
63.8825	-39.8225	-3.46305e-15	39.8225 
63.9456	-25.2541	-5.77049e-15	25.2541 
64.0088	4.38937	7.09227e-15	4.38937 
64.0719	31.4127	-8.7801e-15	31.4127 
64.135	39.6846	-1.49431e-15	39.6846 
64.1981	24.2673	6.81403e-16	24.2673 
64.2613	-5.63605	1.033e-14	5.63605 
64.3244	-32.175	-5.84465e-15	32.175 
64.3875	-39.5075	-5.95815e-15	39.5075 
64.4506	-23.2565	3.61115e-16	23.2565 
64.5138	6.87716	2.84541e-15	6.87716 
64.5769	32.9056	3.89837e-15	32.9056 
64.64	39.2915	1.75917e-15	39.2915 
64.7031	22.2228	7.52907e-15	22.2228 
64.7662	-8.11149	-5.88793e-15	8.11149 
64.8294	-33.6037	-3.89673e-15	33.6037 
64.8925	-39.0367	-1.83949e-17	39.0367 
64.9556	-21.1672	-2.99814e-16	21.1672 
65.0187	9.33781	1.35379e-14	9.33781 
65.0819	34.2687	6.25029e-15	34.2687 
65.145	38.7433	-8.92496e-15	38.7433 
65.2081	20.0906	3.43415e-16	20.0906 
65.2712	-10.5549	5.34981e-16	10.5549 
65.3344	-34.8998	6.12546e-16	34.8998 
65.3975	-38.4117	1.55932e-15	38.4117 
65.4606	-18.9943	-6.6018e-15	18.9943 
65.5238	11.7616	-4.98078e-16	11.7616 
65.5869	35.4965	-2.14739e-15	35.4965 
65.65	38.0423	1.44464e-15	38.0423 
65.7131	17.8791	-7.5788e-15	17.8791 
65.7763	-12.9567	-1.19696e-15	12.9567 
65.8394	-36.0582	7.80045e-16	36.0582 
65.9025	-37.6352	5.26821e-15	37.6352 
65.9656	-16.7464	5.23119e-15	16.7464 
66.0288	14.139	-4.31312e-15	14.139 
66.0919	36.5843	5.4762e-15	36.5843 
66.155	37.1911	3.81051e-15	37.1911 
66.2181	15.5971	-4.72659e-15	15.5971 
66.2812	-15.3073	1.86082e-15	15.3073 
66.3444	-37.0743	-8.75082e-15	37.0743 
66.4075	-36.7102	-4.79772e-15	36.7102 
66.4706	-14.4324	-2.75183e-15	14.4324 
66.5337	16.4606	3.10059e-15	16.4606 
66.5969	37.5277	7.19336e-16	37.5277 
66.66	36.1931	4.50164e-15	36.1931 
66.7231	13.2535	4.14018e-15	13.2535 
66.7862	-17.5976	-1.54474e-15	17.5976 
66.8494	-37.944	3.39628e-15	37.944 
66.9125	-35.6403	-4.58317e-15	35.6403 
66.9756	-12.0615	6.6834e-15	12.0615 
67.0387	18.7172	5.91805e-15	18.7172 
67.1019	38.3229	6.52748e-15	38.3229 
67.165	35.0523	-3.2644e-15	35.0523 
67.2281	10.8576	3.19549e-15	10.8576 
67.2913	-19.8183	-3.13495e-15	19.8183 
67.3544	-38.664	2.50946e-15	38.664 
67.4175	-34.4297	2.18615e-15	34.4297 
67.4806	-9.643	8.5497e-15	9.643 
67.5438	20.8999	3.69979e-15	20.8999 
67.6069	38.9669	6.88351e-15	38.9669 
67.67	33.7731	6.54973e-15	33.7731 
67.7331	8.41887	-1.1247e-15	8.41887 
67.7963	-21.9609	-2.15744e-16	21.9609 
67.8594	-39.2314	1.70125e-15	39.2314 
67.9225	-33.0832	3.01958e-15	33.0832 
67.9856	-7.18643	4.31908e-15	7.18643 
68.0487	23.0002	3.34275e-15	23.0002 
68.1119	39.4572	-5.71573e-15	39.4572 
68.175	32.3607	-4.37459e-15	32.3607 
68.2381	5.9469	1.92798e-15	5.9469 
68.3012	-24.0168	1.07851e-14	24.0168 
68.3644	-39.644	-2.09366e-15	39.644 
68.4275	-31.6062	-1.94952e-15	31.6062 
68.4906	-4.7015	-2.84537e-15	4.7015 
68.5537	25.0097	1.00943e-14	25.0097 
68.6169	39.7917	2.33536e-15	39.7917 
68.68	30.8205	2.80665e-15	30.8205 
68.7431	3.45145	2.81674e-15	3.45145 
68.8063	-25.9779	1.41524e-15	25.9779 
68.8694	-39.9001	4.72973e-16	39.9001 
68.9325	-30.0044	-5.49861e-15	30.0044 
68.9956	-2.19801	-9.29777e-15	2.19801 
69.0588	26.9205	1.16865e-14	26.9205 
69.1219	39.9692	1.20693e-15	39.9692 
69.185	29.1587	2.24635e-15	29.1587 
69.2481	0.942391	-2.31164e-16	0.942391 
69.3113	-27.8365	-7.47055e-15	27.8365 
69.3744	-39.9988	3.24444e-15	39.9988 
69.4375	-28.2843	2.16643e-15	28.2843 
69.5006	0.314156	8.55877e-15	0.314156 
69.5637	28.7251	5.67593e-16	28.7251 
69.6269	39.9889	5.48961e-15	39.9889 
69.69	27.3819	2.78781e-15	27.3819 
69.7531	-1.57039	-7.14857e-15	1.57039 
69.8162	-29.5852	2.68461e-16	29.5852 
69.8794	-39.9396	7.11105e-15	39.9396 
69.9425	-26.4525	-5.64381e-15	26.4525 
70.0056	2.82508	-7.75894e-16	2.82508 
70.0687	30.4162	3.62491e-15	30.4162 
70.1319	39.8508	-1.51919e-15	39.8508 
70.195	25.497	-1.72379e-15	25.497 
70.2581	-4.07698	-1.18332e-14	4.07698 
70.3213	-31.2172	-1.21527e-15	31.2172 
70.3844	-39.7227	3.06601e-15	39.7227 
70.4475	-24.5163	5.61228e-15	24.5163 
70.5106	5.32485	-7.37168e-15	5.32485 
70.5738	31.9874	6.44802e-16	31.9874 
70.6369	39.5555	-3.38436e-15	39.5555 
70.7	23.5114	-5.74635e-16	23.5114 
70.7631	-6.56747	9.50408e-16	6.56747 
70.8263	-32.726	-4.04008e-15	32.726 
70.8894	-39.3491	-4.93484e-15	39.3491 
70.9525	-22.4833	-3.64706e-15	22.4833 
71.0156	7.80361	-7.92588e-15	7.80361 
71.0787	33.4323	1.07629e-15	33.4323 
71.1419	39.104	8.04202e-16	39.104 
71.205	21.4331	9.47377e-15	21.4331 
71.2681	-9.03205	4.45836e-15	9.03205 
71.3312	-34.1056	-1.07964e-15	34.1056 
71.3944	-38.8203	-5.32968e-16	38.8203 
71.4575	-20.3617	-8.04151e-16	20.3617 
71.5206	10.2516	5.39651e-15	10.2516 
71.5837	34.7453	-5.86248e-16	34.7453 
71.6469	38.4982	1.82531e-15	38.4982 
71.71	19.2701	-5.90124e-15	19.2701 
71.7731	-11.461	3.10777e-15	11.461 
71.8363	-35.3506	-5.05626e-15	35.3506 
71.8994	-38.1382	4.2593e-15	38.1382 
71.9625	-18.1596	-4.16003e-15	18.1596 
72.0256	12.6591	3.16932e-15	12.6591 
72.0888	35.9211	5.4332e-16	35.9211 
72.1519	37.7405	-8.96658e-15	37.7405 
72.215	17.0312	-7.3546e-15	17.0312 
72.2781	-13.8447	-1.12085e-15	13.8447 
72.3413	-36.4561	5.36513e-15	36.4561 
72.4044	-37.3056	-1.2827e-15	37.3056 
72.4675	-15.8859	2.41941e-15	15.8859 
72.5306	15.0166	4.29604e-16	15.0166 
72.5938	36.9552	3.22534e-15	36.9552 
72.6569	36.8338	-2.7185e-15	36.8338 
72.72	14.725	-1.52832e-15	14.725 
72.7831	-16.1737	5.90707e-15	16.1737 
72.8462	-37.4178	-4.78664e-15	37.4178 
72.9094	-36.3257	-2.7159e-15	36.3257 
72.9725	-13.5495	-7.04484e-15	13.5495 
73.0356	17.3149	-1.16905e-14	17.3149 
73.0987	37.8434	7.15305e-15	37.8434 
73.1619	35.7818	-1.78701e-15	35.7818 
73.225	12.3607	2.71155e-15	12.3607 
73.2881	-18.439	-9.10429e-15	18.439 
73.3512	-38.2317	-4.0396e-15	38.2317 
73.4144	-35.2025	-2.99792e-15	35.2025 
73.4775	-11.1596	7.1719e-15	11.1596 
73.5406	19.5448	1.54366e-15	19.5448 
73.6038	38.5823	6.00467e-16	38.5823 
73.6669	34.5885	4.14664e-16	34.5885 
73.73	9.9476	5.09425e-15	9.9476 
73.7931	-20.6314	-8.60525e-15	20.6314 
73.8563	-38.8948	-1.63593e-15	38.8948 
73.9194	-33.9404	8.58202e-16	33.9404 
73.9825	-8.72573	-6.70088e-15	8.72573 
74.0456	21.6977	7.53263e-15	21.6977 
74.1088	39.1689	4.64606e-15	39.1689 
74.1719	33.2588	2.62092e-16	33.2588 
74.235	7.49525	-6.37791e-15	7.49525 
74.2981	-22.7425	-4.39562e-15	22.7425 
74.3612	-39.4044	-2.69595e-15	39.4044 
74.4244	-32.5443	1.58746e-15	32.5443 
74.4875	-6.25738	5.25199e-15	6.25738 
74.5506	23.7648	-4.4055e-16	23.7648 
74.6137	39.6009	-4.1293e-15	39.6009 
74.6769	31.7978	9.17892e-16	31.7978 
74.74	5.01333	3.70693e-15	5.01333 
74.8031	-24.7638	-3.77234e-15	24.7638 
74.8662	-39.7584	-4.97793e-15	39.7584 
74.9294	-31.0198	-4.20271e-15	31.0198 
74.9925	-3.76433	-1.52166e-15	3.76433 
75.0556	25.7382	-3.6789e-16	25.7382 
75.1188	39.8767	-1.86837e-15	39.8767 
75.1819	30.2113	-8.6464e-16	30.2113 
75.245	2.51162	1.53761e-16	2.51162 
75.3081	-26.6873	8.55964e-15	26.6873 
75.3713	-39.9556	-1.81695e-16	39.9556 
75.4344	-29.3729	4.52944e-15	29.3729 
75.4975	-1.25643	-2.0089e-15	1.25643 
75.5606	27.61	1.05079e-14	27.61 
75.6238	39.9951	8.03444e-15	39.9951 
75.6869	28.5055	9.51346e-16	28.5055 
75.75	3.33529e-12	3.9566e-16	3.33529e-12 
75.8131	-28.5055	4.30003e-15	28.5055 
75.8762	-39.9951	1.43983e-16	39.9951 
75.9394	-27.61	-7.07069e-15	27.61 
76.0025	1.25643	-5.33207e-15	1.25643 
76.0656	29.3729	2.85975e-15	29.3729 
76.1287	39.9556	5.88248e-15	39.9556 
76.1919	26.6873	-1.0129e-14	26.6873 
76.255	-2.51162	-7.05294e-15	2.51162 
76.3181	-30.2113	1.92655e-15	30.2113 
76.3812	-39.8767	2.69103e-15	39.8767 
76.4444	-25.7382	9.95473e-15	25.7382 
76.5075	3.76433	5.89138e-15	3.76433 
76.5706	31.0198	4.42293e-15	31.0198 
76.6338	39.7584	-3.06845e-15	39.7584 
76.6969	24.7638	-3.60969e-16	24.7638 
76.76	-5.01333	-1.37786e-15	5.01333 
76.8231	-31.7978	7.03118e-15	31.7978 
76.8863	-39.6009	-2.21084e-15	39.6009 
76.9494	-23.7648	2.94895e-15	23.7648 
77.0125	6.25738	-5.50666e-15	6.25738 
77.0756	32.5443	-8.89943e-16	32.5443 
77.1388	39.4044	3.9554e-15	39.4044 
77.2019	22.7425	2.49243e-15	22.7425 
77.265	-7.49525	1.20782e-17	7.49525 
77.3281	-33.2588	1.96851e-15	33.2588 
77.3912	-39.1689	3.66448e-15	39.1689 
77.4544	-21.6977	-2.44414e-16	21.6977 
77.5175	8.72573	8.71896e-15	8.72573 
77.5806	33.9404	4.22081e-15	33.9404 
77.6437	38.8948	-3.1664e-15	38.8948 
77.7069	20.6314	2.61089e-15	20.6314 
77.77	-9.9476	5.36121e-15	9.9476 
77.8331	-34.5885	3.01491e-15	34.5885 
77.8962	-38.5823	2.78817e-15	38.5823 
77.9594	-19.5448	4.91528e-15	19.5448 
78.0225	11.1596	2.42993e-15	11.1596 
78.0856	35.2025	7.84609e-16	35.2025 
78.1488	38.2317	6.79332e-15	38.2317 
78.2119	18.439	-2.29558e-15	18.439 
78.275	-12.3607	7.9152e-16	12.3607 
78.3381	-35.7818	2.50631e-15	35.7818 
78.4013	-37.8434	1.43878e-15	37.8434 
78.4644	-17.3149	1.49935e-15	17.3149 
78.5275	13.5495	6.00775e-15	13.5495 
78.5906	36.3257	-1.0107e-15	36.3257 
78.6538	37.4178	8.91699e-17	37.4178 
78.7169	16.1737	2.77702e-15	16.1737 
78.78	-14.725	1.74892e-16	14.725 
78.8431	-36.8338	8.21603e-16	36.8338 
78.9062	-36.9552	-4.316e-16	36.9552 
78.9694	-15.0166	9.59705e-15	15.0166 
79.0325	15.8859	-1.38209e-14	15.8859 
79.0956	37.3056	-8.49211e-16	37.3056 
79.1587	36.4561	2.25431e-15	36.4561 
79.2219	13.8447	-1.01822e-15	13.8447 
79.285	-17.0312	8.14596e-15	17.0312 
79.3481	-37.7405	1.55149e-14	37.7405 
79.4112	-35.9211	4.80264e-16	35.9211 
79.4744	-12.6591	5.60632e-15	12.6591 
79.5375	18.1596	3.82864e-15	18.1596 
79.6006	38.1382	1.47808e-15	38.1382 
79.6637	35.3506	1.09142e-14	35.3506 
79.7269	11.461	2.84287e-15	11.461 
79.79	-19.2701	-1.69447e-15	19.2701 
79.8531	-38.4982	2.31396e-15	38.4982 
79.9163	-34.7453	4.20795e-15	34.7453 
79.9794	-10.2516	-1.7021e-15	10.2516 
80.0425	20.3617	-9.46357e-15	20.3617 
80.1056	38.8203	1.65429e-15	38.8203 
80.1688	34.1056	4.72802e-17	34.1056 
80.2319	9.03205	-1.17383e-15	9.03205 
80.295	-21.4331	1.93792e-15	21.4331 
80.3581	-39.104	9.69408e-16	39.104 
80.4213	-33.4323	2.576e-15	33.4323 
80.4844	-7.80361	4.22903e-15	7.80361 
80.5475	22.4833	9.35507e-15	22.4833 
80.6106	39.3491	-2.65778e-15	39.3491 
80.6737	32.726	-1.74899e-15	32.726 
80.7369	6.56747	-8.20776e-15	6.56747 
80.8	-23.5114	-1.82696e-15	23.5114 
80.8631	-39.5555	-1.10409e-15	39.5555 
80.9262	-31.9874	5.73393e-15	31.9874 
80.9894	-5.32485	9.34948e-16	5.32485 
81.0525	24.5163	-5.87699e-15	24.5163 
81.1156	39.7227	7.28445e-15	39.7227 
81.1787	31.2172	-5.21243e-15	31.2172 
81.2419	4.07698	5.97709e-15	4.07698 
81.305	-25.497	-2.15189e-15	25.497 
81.3681	-39.8508	-3.22076e-15	39.8508 
81.4313	-30.4162	2.80399e-16	30.4162 
81.4944	-2.82508	2.62344e-15	2.82508 
81.5575	26.4525	2.49944e-15	26.4525 
81.6206	39.9396	3.70972e-15	39.9396 
81.6838	29.5852	-6.77482e-15	29.5852 
81.7469	1.57039	-9.01859e-16	1.57039 
81.81	-27.3819	1.41908e-15	27.3819 
81.8731	-39.9889	5.68186e-16	39.9889 
81.9363	-28.7251	-1.98608e-15	28.7251 
81.9994	-0.314156	-2.4253e-15	0.314156 
82.0625	28.2843	-4.56139e-15	28.2843 
82.1256	39.9988	-4.63879e-15	39.9988 
82.1887	27.8365	3.14526e-15	27.8365 
82.2519	-0.942391	1.26722e-16	0.942391 
82.315	-29.1587	-7.36572e-15	29.1587 
82.3781	-39.9692	5.13925e-15	39.9692 
82.4412	-26.9205	-5.54357e-15	26.9205 
82.5044	2.19801	1.06004e-16	2.19801 
82.5675	30.0044	1.72726e-15	30.0044 
82.6306	39.9001	-2.19892e-15	39.9001 
82.6937	25.9779	2.15416e-15	25.9779 
82.7569	-3.45145	-8.60085e-15	3.45145 
82.82	-30.8205	-3.44767e-15	30.8205 
82.8831	-39.7917	-1.11084e-14	39.7917 
82.9463	-25.0097	3.33674e-15	25.0097 
83.0094	4.7015	2.51646e-15	4.7015 
83.0725	31.6062	-3.62377e-15	31.6062 
83.1356	39.644	-2.44834e-15	39.644 
83.1988	24.0168	5.03012e-15	24.0168 
83.2619	-5.9469	-4.06719e-15	5.9469 
83.325	-32.3607	1.04594e-15	32.3607 
83.3881	-39.4572	9.31118e-16	39.4572 
83.4513	-23.0002	8.857e-16	23.0002 
83.5144	7.18643	7.17391e-15	7.18643 
83.5775	33.0832	-2.34121e-15	33.0832 
83.6406	39.2314	-7.48905e-16	39.2314 
83.7037	21.9609	1.85313e-15	21.9609 
83.7669	-8.41887	-9.39126e-16	8.41887 
83.83	-33.7731	-8.23957e-15	33.7731 
83.8931	-38.9669	-2.839e-16	38.9669 
83.9562	-20.8999	6.57591e-15	20.8999 
84.0194	9.643	-8.39677e-15	9.643 
84.0825	34.4297	-1.17209e-14	34.4297 
84.1456	38.664	5.40315e-15	38.664 
84.2087	19.8183	-4.165e-15	19.8183 
84.2719	-10.8576	-1.7754e-15	10.8576 
84.335	-35.0523	-5.51974e-15	35.0523 
84.3981	-38.3229	-1.817e-15	38.3229 
84.4613	-18.7172	-2.9569e-15	18.7172 
84.5244	12.0615	7.79004e-15	12.0615 
84.5875	35.6403	4.42074e-15	35.6403 
84.6506	37.944	-4.66989e-15	37.944 
84.7138	17.5976	-1.96536e-15	17.5976 
84.7769	-13.2535	4.41965e-15	13.2535 
84.84	-36.1931	-3.63347e-15	36.1931 
84.9031	-37.5277	-4.853e-15	37.5277 
84.9663	-16.4606	1.1917e-15	16.4606 
85.0294	14.4324	4.36797e-16	14.4324 
85.0925	36.7102	6.06048e-16	36.7102 
85.1556	37.0743	2.79582e-15	37.0743 
85.2188	15.3073	-5.59e-15	15.3073 
85.2819	-15.5971	-5.98749e-15	15.5971 
85.345	-37.1911	2.75313e-15	37.1911 
85.4081	-36.5843	-4.6512e-15	36.5843 
85.4712	-14.139	1.21944e-15	14.139 
85.5344	16.7464	2.42494e-15	16.7464 
85.5975	37.6352	5.01697e-15	37.6352 
85.6606	36.0582	-7.5241e-16	36.0582 
85.7237	12.9567	3.20734e-15	12.9567 
85.7869	-17.8791	2.38323e-15	17.8791 
85.85	-38.0423	-5.426e-15	38.0423 
85.9131	-35.4965	5.54346e-15	35.4965 
85.9762	-11.7616	1.72745e-15	11.7616 
86.0394	18.9943	7.17227e-15	18.9943 
86.1025	38.4117	-4.68102e-15	38.4117 
86.1656	34.8998	-2.64035e-15	34.8998 
86.2288	10.5549	3.22922e-15	10.5549 
86.2919	-20.0906	3.34037e-15	20.0906 
86.355	-38.7433	-1.64018e-15	38.7433 
86.4181	-34.2687	8.8391e-15	34.2687 
86.4813	-9.33781	1.24415e-15	9.33781 
86.5444	21.1672	8.83488e-15	21.1672 
86.6075	39.0367	6.93685e-15	39.0367 
86.6706	33.6037	2.32372e-15	33.6037 
86.7338	8.11149	4.35692e-15	8.11149 
86.7969	-22.2228	7.34231e-16	22.2228 
86.86	-39.2915	1.2542e-15	39.2915 
86.9231	-32.9056	-6.36786e-15	32.9056 
86.9862	-6.87716	-2.50017e-15	6.87716 
87.0494	23.2565	5.40231e-15	23.2565 
87.1125	39.5075	-4.79587e-15	39.5075 
87.1756	32.175	3.45042e-15	32.175 
87.2387	5.63605	-6.30914e-16	5.63605 
87.3019	-24.2673	-1.96618e-15	24.2673 
87.365	-39.6846	7.36409e-15	39.6846 
87.4281	-31.4127	-2.24972e-15	31.4127 
87.4912	-4.38937	8.35992e-15	4.38937 
87.5544	25.2541	6.01685e-15	25.2541 
87.6175	39.8225	2.65306e-15	39.8225 
87.6806	30.6193	-9.93809e-16	30.6193 
87.7438	3.13836	4.46458e-15	3.13836 
87.8069	-26.216	-7.03715e-15	26.216 
87.87	-39.9211	-3.59036e-15	39.9211 
87.9331	-29.7958	-4.07085e-15	29.7958 
87.9963	-1.88426	8.2793e-15	1.88426 
88.0594	27.152	-1.70447e-15	27.152 
88.1225	39.9803	2.89648e-16	39.9803 
88.1856	28.9428	1.51959e-15	28.9428 
88.2488	0.628293	-3.92015e-15	0.628293 
88.3119	-28.0613	7.89238e-15	28.0613 
88.375	-40	-2.27652e-15	40 
88.4381	-28.0613	7.17457e-15	28.0613 
88.5012	0.628293	-3.25575e-15	0.628293 
88.5644	28.9428	1.21101e-15	28.9428 
88.6275	39.9803	9.35592e-15	39.9803 
88.6906	27.152	-3.22674e-15	27.152 
88.7537	-1.88426	-2.03921e-15	1.88426 
88.8169	-29.7958	8.31358e-15	29.7958 
88.88	-39.9211	-1.45797e-15	39.9211 
88.9431	-26.216	5.57739e-16	26.216 
89.0062	3.13836	4.13382e-15	3.13836 
89.0694	30.6193	8.42399e-15	30.6193 
89.1325	39.8225	5.15938e-15	39.8225 
89.1956	25.2541	7.61562e-15	25.2541 
89.2588	-4.38937	-9.0327e-15	4.38937 
89.3219	-31.4127	2.25931e-15	31.4127 
89.385	-39.6846	2.37258e-15	39.6846 
89.4481	-24.2673	-2.6091e-15	24.2673 
89.5113	5.63605	-1.97887e-15	5.63605 
89.5744	32.175	1.81129e-15	32.175 
89.6375	39.5075	2.07965e-15	39.5075 
89.7006	23.2565	-1.92933e-15	23.2565 
89.7638	-6.87716	-1.13183e-15	6.87716 
89.8269	-32.9056	-8.02785e-15	32.9056 
89.89	-39.2915	-1.19994e-15	39.2915 
89.9531	-22.2228	4.14637e-15	22.2228 
90.0162	8.11149	3.14187e-15	8.11149 
90.0794	33.6037	7.63399e-16	33.6037 
90.1425	39.0367	2.45939e-15	39.0367 
90.2056	21.1672	5.71217e-16	21.1672 
90.2687	-9.33781	-3.95708e-15	9.33781 
90.3319	-34.2687	-1.58548e-15	34.2687 
90.395	-38.7433	8.68479e-15	38.7433 
90.4581	-20.0906	8.28513e-15	20.0906 
90.5212	10.5549	1.76438e-15	10.5549 
90.5844	34.8998	2.67631e-15	34.8998 
90.6475	38.4117	-4.10951e-15	38.4117 
90.7106	18.9943	6.36163e-15	18.9943 
90.7738	-11.7616	-6.42444e-15	11.7616 
90.8369	-35.4965	-1.18445e-15	35.4965 
90.9	-38.0423	3.28639e-15	38.0423 
90.9631	-17.8791	1.10475e-15	17.8791 
91.0263	12.9567	-3.84845e-15	12.9567 
91.0894	36.0582	-3.91438e-16	36.0582 
91.1525	37.6352	-6.23795e-15	37.6352 
91.2156	16.7464	3.78752e-15	16.7464 
91.2788	-14.139	-1.62452e-15	14.139 
91.3419	-36.5843	-7.23269e-16	36.5843 
91.405	-37.1911	-4.5645e-15	37.1911 
91.4681	-15.5971	-6.53413e-15	15.5971 
91.5312	15.3073	2.32026e-15	15.3073 
91.5944	37.0743	-8.48195e-16	37.0743 
91.6575	36.7102	1.06218e-15	36.7102 
91.7206	14.4324	-1.46762e-15	14.4324 
91.7837	-16.4606	-1.63652e-15	16.4606 
91.8469	-37.5277	6.32196e-16	37.5277 
91.91	-36.1931	-3.4059e-15	36.1931 
91.9731	-13.2535	-3.21136e-15	13.2535 
92.0362	17.5976	2.85461e-15	17.5976 
92.0994	37.944	-4.43941e-15	37.944 
92.1625	35.6403	1.12916e-15	35.6403 
92.2256	12.0615	-6.80061e-15	12.0615 
92.2887	-18.7172	-5.36015e-15	18.7172 
92.3519	-38.3229	4.00295e-15	38.3229 
92.415	-35.0523	3.34957e-15	35.0523 
92.4781	-10.8576	8.46901e-16	10.8576 
92.5413	19.8183	-1.4882e-15	19.8183 
92.6044	38.664	-3.74978e-15	38.664 
92.6675	34.4297	3.71646e-15	34.4297 
92.7306	9.643	-1.21514e-14	9.643 
92.7938	-20.8999	-8.50054e-15	20.8999 
92.8569	-38.9669	2.79178e-16	38.9669 
92.92	-33.7731	-3.52721e-15	33.7731 
92.9831	-8.41887	-3.8272e-15	8.41887 
93.0463	21.9609	1.55449e-15	21.9609 
93.1094	39.2314	3.39648e-15	39.2314 
93.1725	33.0832	-5.0136e-15	33.0832 
93.2356	7.18643	7.96454e-15	7.18643 
93.2987	-23.0002	-5.70837e-15	23.0002 
93.3619	-39.4572	-5.79487e-15	39.4572 
93.425	-32.3607	4.19257e-15	32.3607 
93.4881	-5.9469	-4.46752e-15	5.9469 
93.5512	24.0168	-4.60513e-15	24.0168 
93.6144	39.644	3.85415e-16	39.644 
93.6775	31.6062	-5.69708e-15	31.6062 
93.7406	4.7015	-5.46831e-15	4.7015 
93.8037	-25.0097	-9.40394e-15	25.0097 
93.8669	-39.7917	-3.93639e-15	39.7917 
93.93	-30.8205	-4.40689e-15	30.8205 
93.9931	-3.45145	1.00957e-14	3.45145 
94.0563	25.9779	-3.79827e-15	25.9779 
94.1194	39.9001	-3.90012e-15	39.9001 
94.1825	30.0044	2.14579e-15	30.0044 
94.2456	2.19801	1.45399e-15	2.19801 
94.3088	-26.9205	-7.87896e-15	26.9205 
94.3719	-39.9692	-4.13441e-15	39.9692 
94.435	-29.1587	1.14875e-15	29.1587 
94.4981	-0.942391	4.46367e-15	0.942391 
94.5613	27.8365	3.20482e-15	27.8365 
94.6244	39.9988	3.28695e-15	39.9988 
94.6875	28.2843	1.40137e-15	28.2843 
94.7506	-0.314156	-5.84815e-15	0.314156 
94.8137	-28.7251	-1.29035e-15	28.7251 
94.8769	-39.9889	-6.30515e-15	39.9889 
94.94	-27.3819	-4.0547e-15	27.3819 
95.0031	1.57039	2.89546e-15	1.57039 
95.0662	29.5852	5.69575e-15	29.5852 
95.1294	39.9396	-5.75952e-15	39.9396 
95.1925	26.4525	3.97167e-15	26.4525 
95.2556	-2.82508	-1.12732e-15	2.82508 
95.3187	-30.4162	-5.10293e-15	30.4162 
95.3819	-39.8508	9.99614e-16	39.8508 
95.445	-25.497	-2.33292e-16	25.497 
95.5081	4.07698	-1.12423e-15	4.07698 
95.5713	31.2172	4.51808e-15	31.2172 
95.6344	39.7227	-4.78424e-15	39.7227 
95.6975	24.5163	-4.3303e-15	24.5163 
95.7606	-5.32485	-5.97435e-15	5.32485 
95.8238	-31.9874	1.00251e-15	31.9874 
95.8869	-39.5555	-2.18885e-16	39.5555 
95.95	-23.5114	-4.93283e-16	23.5114 
96.0131	6.56747	-7.58044e-15	6.56747 
96.0763	32.726	5.0309e-15	32.726 
96.1394	39.3491	4.69466e-15	39.3491 
96.2025	22.4833	7.00177e-15	22.4833 
96.2656	-7.80361	-1.05404e-15	7.80361 
96.3287	-33.4323	-5.42952e-15	33.4323 
96.3919	-39.104	8.08221e-15	39.104 
96.455	-21.4331	-2.41e-16	21.4331 
96.5181	9.03205	5.7007e-15	9.03205 
96.5812	34.1056	-6.27047e-15	34.1056 
96.6444	38.8203	9.96892e-16	38.8203 
96.7075	20.3617	-2.31194e-15	20.3617 
96.7706	-10.2516	-8.2567e-16	10.2516 
96.8337	-34.7453	-1.66213e-15	34.7453 
96.8969	-38.4982	-1.82531e-15	38.4982 
96.96	-19.2701	5.71711e-15	19.2701 
97.0231	11.461	-7.25982e-15	11.461 
97.0863	35.3506	9.09576e-15	35.3506 
97.1494	38.1382	2.29652e-15	38.1382 
97.2125	18.1596	4.15296e-15	18.1596 
97.2756	-12.6591	1.43695e-15	12.6591 
97.3388	-35.9211	7.38659e-16	35.9211 
97.4019	-37.7405	-3.21415e-15	37.7405 
97.465	-17.0312	1.09727e-14	17.0312 
97.5281	13.8447	3.55293e-15	13.8447 
97.5913	36.4561	-1.67257e-15	36.4561 
97.6544	37.3056	2.58029e-15	37.3056 
97.7175	15.8859	-7.4447e-15	15.8859 
97.7806	-15.0166	2.60893e-15	15.0166 
97.8438	-36.9552	2.68894e-15	36.9552 
97.9069	-36.8338	5.53877e-15	36.8338 
97.97	-14.725	4.0666e-16	14.725 
98.0331	16.1737	-2.70038e-15	16.1737 
98.0962	37.4178	3.79423e-15	37.4178 
98.1594	36.3257	-8.33076e-15	36.3257 
98.2225	13.5495	6.26244e-15	13.5495 
98.2856	-17.3149	7.20186e-15	17.3149 
98.3487	-37.8434	-7.18446e-16	37.8434 
98.4119	-35.7818	4.23561e-15	35.7818 
98.475	-12.3607	3.4924e-15	12.3607 
98.5381	18.439	5.83169e-15	18.439 
98.6012	38.2317	2.74447e-15	38.2317 
98.6644	35.2025	6.90151e-16	35.2025 
98.7275	11.1596	-1.88297e-15	11.1596 
98.7906	-19.5448	3.54013e-15	19.5448 
98.8538	-38.5823	8.0636e-15	38.5823 
98.9169	-34.5885	-2.60464e-16	34.5885 
98.98	-9.9476	-7.25275e-15	9.9476 
99.0431	20.6314	2.96214e-16	20.6314 
99.1063	38.8948	3.50214e-16	38.8948 
99.1694	33.9404	-4.08309e-15	33.9404 
99.2325	8.72573	1.46112e-14	8.72573 
99.2956	-21.6977	-3.06039e-15	21.6977 
99.3588	-39.1689	1.475e-17	39.1689 
99.4219	-33.2588	-1.88122e-15	33.2588 
99.485	-7.49525	1.97432e-15	7.49525 
99.5481	22.7425	-1.07905e-14	22.7425 
99.6112	39.4044	2.49476e-15	39.4044 
99.6744	32.5443	-2.8839e-15	32.5443 
99.7375	6.25738	-6.95802e-15	6.25738 
99.8006	-23.7648	3.29683e-15	23.7648 
99.8637	-39.6009	5.54106e-15	39.6009 
99.9269	-31.7978	-6.14119e-15	31.7978 
99.99	-5.01333	-7.54366e-16	5.01333 
100.053	24.7638	2.89538e-15	24.7638 
100.116	39.7584	2.2961e-15	39.7584 
100.179	31.0198	8.43437e-16	31.0198 
100.243	3.76433	3.7705e-15	3.76433 
100.306	-25.7382	-1.25389e-15	25.7382 
100.369	-39.8767	2.10224e-17	39.8767 
100.432	-30.2113	1.28848e-14	30.2113 
100.495	-2.51162	-6.27642e-15	2.51162 
100.558	26.6873	-1.06211e-14	26.6873 
100.621	39.9556	-6.01873e-15	39.9556 
100.684	29.3729	-5.77782e-15	29.3729 
100.748	1.25643	-2.12458e-15	1.25643 
100.811	-27.61	2.29768e-15	27.61 
100.874	-39.9951	-4.35979e-15	39.9951 
100.937	-28.5055	3.59097e-15	28.5055 

